UNITS=MM
#Layer_Color=16711935
#
#Feature symbol names
#
$0 r99.9998

#
#Feature attribute names
#

#
#Layer features
#
A 10.4108123 5.5401464 10.20529328 5.95537544 9.67547976 5.43466782 0 P 0 N
A 10.4108123 5.5401464 11.08901516 2.21371414 74.3852843 16.85111692 0 P 0 N
A 11.08901516 2.21371414 11.45836418 1.38162538 50.34587848 19.14104884 0 P 0 N
A 11.7500019 0.65000124 11.45836926 1.38162538 8.00341554 -0.41948862 0 P 0 N
A 13.08228524 -0.87428324 15.49750012 -0.8744585 14.2900019 0.64881252 0 P 0 N
A 24.50250116 -0.8744585 26.91771604 -0.87428324 25.70999938 0.64881252 0 P 0 N
A 28.54163202 1.38162538 28.24999938 0.65000124 31.99658574 -0.41948862 0 P 0 N
A 28.5416371 1.38162538 28.91098612 2.21371414 -10.3458772 19.14104884 0 P 0 N
A 28.91098612 2.21371414 29.58918898 5.5401464 -34.38528302 16.85111692 0 P 0 N
A 29.794708 5.95537544 29.58918898 5.5401464 30.32452152 5.43466782 0 P 0 N
L 3.89999982 4.75000066 3.89999982 9.25000182 0 P 0
L 3.89999982 4.75000066 7.0999985 4.75000066 0 P 0
L 3.89999982 9.25000182 7.0999985 9.25000182 0 P 0
L 7.0999985 4.75000066 7.0999985 9.25000182 0 P 0
L 11.7500019 -0.87499952 11.7500019 14.87499946 0 P 0
L 11.7500019 -0.87499952 28.24999938 -0.87499952 0 P 0
L 11.7500019 14.87499946 28.24999938 14.87499946 0 P 0
L 15.99999848 59.30000078 15.99999848 64.70000014 0 P 0
L 15.99999848 59.30000078 23.99999772 59.30000078 0 P 0
L 15.99999848 64.70000014 16.29999788 64.70000014 0 P 0
L 16.29999788 64.70000014 16.29999788 65.90000028 0 P 0
L 16.29999788 65.90000028 23.69999832 65.90000028 0 P 0
L 23.69999832 64.70000014 23.69999832 65.90000028 0 P 0
L 23.69999832 64.70000014 23.99999772 64.70000014 0 P 0
L 23.99999772 59.30000078 23.99999772 64.70000014 0 P 0
L 28.24999938 -0.87499952 28.24999938 14.87499946 0 P 0
L 28.60000122 52.20000482 28.60000122 52.90000342 0 P 0
L 28.60000122 52.20000482 30.00000096 52.20000482 0 P 0
L 28.60000122 52.90000342 30.00000096 52.90000342 0 P 0
L 28.60000122 56.70000598 28.60000122 57.40000458 0 P 0
L 28.60000122 56.70000598 30.00000096 56.70000598 0 P 0
L 28.60000122 57.40000458 30.00000096 57.40000458 0 P 0
L 30.00000096 51.70000582 30.00000096 57.90000358 0 P 0
L 30.00000096 51.70000582 36.19999872 51.70000582 0 P 0
L 30.00000096 57.90000358 36.19999872 57.90000358 0 P 0
L 36.19999872 51.70000582 36.19999872 57.90000358 0 P 0
L 36.19999872 52.20000482 37.59999846 52.20000482 0 P 0
L 36.19999872 52.90000342 37.59999846 52.90000342 0 P 0
L 36.19999872 56.70000598 37.59999846 56.70000598 0 P 0
L 36.19999872 57.40000458 37.59999846 57.40000458 0 P 0
L 37.59999846 52.20000482 37.59999846 52.90000342 0 P 0
L 37.59999846 56.70000598 37.59999846 57.40000458 0 P 0
