UNITS=MM
#Layer_Color=9474304
#
#Feature symbol names
#
$0 r127

#
#Feature attribute names
#

#
#Layer features
#
L 1.45000218 2.20000322 1.75000158 2.20000322 0 P 0
L 1.45000218 4.6000035 1.75000158 4.6000035 0 P 0
L 1.45000218 16.6000049 1.75000158 16.6000049 0 P 0
L 1.45000218 19.00000518 1.75000158 19.00000518 0 P 0
L 1.59999934 29.39999962 1.99999854 29.39999962 0 P 0
L 1.60000188 2.05000352 1.60000188 2.35000292 0 P 0
L 1.60000188 4.4500038 1.60000188 4.7500032 0 P 0
L 1.60000188 16.4500052 1.60000188 16.7500046 0 P 0
L 1.60000188 18.85000548 1.60000188 19.15000488 0 P 0
L 1.79999894 29.20000002 1.79999894 29.59999922 0 P 0
L 2.05000352 3.40000336 2.35000292 3.40000336 0 P 0
L 2.05000352 10.6000042 2.35000292 10.6000042 0 P 0
L 2.05000352 15.40000476 2.35000292 15.40000476 0 P 0
L 2.05000352 17.80000504 2.35000292 17.80000504 0 P 0
L 2.20000322 3.25000366 2.20000322 3.55000306 0 P 0
L 2.20000322 10.4500045 2.20000322 10.7500039 0 P 0
L 2.20000322 15.25000506 2.20000322 15.55000446 0 P 0
L 2.20000322 17.65000534 2.20000322 17.95000474 0 P 0
L 2.65000232 2.20000322 2.95000172 2.20000322 0 P 0
L 2.65000232 4.6000035 2.95000172 4.6000035 0 P 0
L 2.65000232 16.6000049 2.95000172 16.6000049 0 P 0
L 2.80000202 2.05000352 2.80000202 2.35000292 0 P 0
L 2.80000202 4.4500038 2.80000202 4.7500032 0 P 0
L 2.80000202 16.4500052 2.80000202 16.7500046 0 P 0
L 3.25000366 3.40000336 3.55000306 3.40000336 0 P 0
L 3.25000366 15.40000476 3.55000306 15.40000476 0 P 0
L 3.40000336 3.25000366 3.40000336 3.55000306 0 P 0
L 3.40000336 15.25000506 3.40000336 15.55000446 0 P 0
L 3.85000246 2.20000322 4.15000186 2.20000322 0 P 0
L 3.85000246 7.00000378 4.15000186 7.00000378 0 P 0
L 4.00000216 2.05000352 4.00000216 2.35000292 0 P 0
L 4.00000216 6.85000408 4.00000216 7.15000348 0 P 0
L 4.29999648 26.52499902 4.69999568 26.52499902 0 P 0
L 4.4500038 29.80000644 4.7500032 29.80000644 0 P 0
L 4.49999608 26.32499942 4.49999608 26.72499862 0 P 0
L 4.6000035 29.65000674 4.6000035 29.95000614 0 P 0
L 4.75000066 58.99999884 5.94999826 58.99999884 0 P 0
L 4.8000031 17.75000006 5.2000023 17.75000006 0 P 0
L 5.0000027 17.55000046 5.0000027 17.94999966 0 P 0
L 5.0500026 7.00000378 5.350002 7.00000378 0 P 0
L 5.0500026 43.00000798 5.350002 43.00000798 0 P 0
L 5.2000023 6.85000408 5.2000023 7.15000348 0 P 0
L 5.2000023 42.85000828 5.2000023 43.15000768 0 P 0
L 5.34999946 58.40000004 5.34999946 59.59999764 0 P 0
L 5.49999916 49.79999946 5.89999836 49.79999946 0 P 0
L 5.65000394 46.6000084 5.95000334 46.6000084 0 P 0
L 5.65000394 61.00001008 5.95000334 61.00001008 0 P 0
L 5.69999876 49.59999986 5.69999876 49.99999906 0 P 0
L 5.7500012 41.40000102 6.1500004 41.40000102 0 P 0
L 5.80000364 46.4500087 5.80000364 46.7500081 0 P 0
L 5.80000364 60.85001038 5.80000364 61.15000978 0 P 0
L 5.9500008 41.20000142 5.9500008 41.60000062 0 P 0
L 6.25000274 7.00000378 6.55000214 7.00000378 0 P 0
L 6.25000274 43.00000798 6.55000214 43.00000798 0 P 0
L 6.25000274 47.80000854 6.55000214 47.80000854 0 P 0
L 6.25000274 57.40000966 6.55000214 57.40000966 0 P 0
L 6.40000244 6.85000408 6.40000244 7.15000348 0 P 0
L 6.40000244 42.85000828 6.40000244 43.15000768 0 P 0
L 6.40000244 47.65000884 6.40000244 47.95000824 0 P 0
L 6.40000244 57.25000996 6.40000244 57.55000936 0 P 0
L 6.70000438 26.42500176 7.10000358 26.42500176 0 P 0
L 6.7449954 22.80000012 7.1449946 22.80000012 0 P 0
L 6.85000408 37.00000728 7.15000348 37.00000728 0 P 0
L 6.85000408 39.40000756 7.15000348 39.40000756 0 P 0
L 6.85000408 46.6000084 7.15000348 46.6000084 0 P 0
L 6.85000408 53.80000924 7.15000348 53.80000924 0 P 0
L 6.85000408 56.20000952 7.15000348 56.20000952 0 P 0
L 6.85000408 61.00001008 7.15000348 61.00001008 0 P 0
L 6.90000398 26.22500216 6.90000398 26.62500136 0 P 0
L 6.944995 22.60000052 6.944995 22.99999972 0 P 0
L 7.00000378 36.85000758 7.00000378 37.15000698 0 P 0
L 7.00000378 39.25000786 7.00000378 39.55000726 0 P 0
L 7.00000378 46.4500087 7.00000378 46.7500081 0 P 0
L 7.00000378 53.65000954 7.00000378 53.95000894 0 P 0
L 7.00000378 56.05000982 7.00000378 56.35000922 0 P 0
L 7.00000378 60.85001038 7.00000378 61.15000978 0 P 0
L 7.40000044 49.79999946 7.79999964 49.79999946 0 P 0
L 7.45000288 7.00000378 7.75000228 7.00000378 0 P 0
L 7.45000288 38.20000742 7.75000228 38.20000742 0 P 0
L 7.45000288 43.00000798 7.75000228 43.00000798 0 P 0
L 7.45000288 47.80000854 7.75000228 47.80000854 0 P 0
L 7.45000288 55.00000938 7.75000228 55.00000938 0 P 0
L 7.45000288 57.40000966 7.75000228 57.40000966 0 P 0
L 7.45000288 59.80000994 7.75000228 59.80000994 0 P 0
L 7.60000004 49.59999986 7.60000004 49.99999906 0 P 0
L 7.60000258 6.85000408 7.60000258 7.15000348 0 P 0
L 7.60000258 38.05000772 7.60000258 38.35000712 0 P 0
L 7.60000258 42.85000828 7.60000258 43.15000768 0 P 0
L 7.60000258 47.65000884 7.60000258 47.95000824 0 P 0
L 7.60000258 54.85000968 7.60000258 55.15000908 0 P 0
L 7.60000258 57.25000996 7.60000258 57.55000936 0 P 0
L 7.60000258 59.65001024 7.60000258 59.95000964 0 P 0
L 8.05000422 5.80000364 8.35000362 5.80000364 0 P 0
L 8.05000422 8.20000392 8.35000362 8.20000392 0 P 0
L 8.05000422 10.6000042 8.35000362 10.6000042 0 P 0
L 8.05000422 15.40000476 8.35000362 15.40000476 0 P 0
L 8.05000422 25.00000588 8.35000362 25.00000588 0 P 0
L 8.05000422 39.40000756 8.35000362 39.40000756 0 P 0
L 8.05000422 46.6000084 8.35000362 46.6000084 0 P 0
L 8.05000422 56.20000952 8.35000362 56.20000952 0 P 0
L 8.05000422 58.6000098 8.35000362 58.6000098 0 P 0
L 8.05000422 61.00001008 8.35000362 61.00001008 0 P 0
L 8.20000392 5.65000394 8.20000392 5.95000334 0 P 0
L 8.20000392 8.05000422 8.20000392 8.35000362 0 P 0
L 8.20000392 10.4500045 8.20000392 10.7500039 0 P 0
L 8.20000392 15.25000506 8.20000392 15.55000446 0 P 0
L 8.20000392 24.85000618 8.20000392 25.15000558 0 P 0
L 8.20000392 39.25000786 8.20000392 39.55000726 0 P 0
L 8.20000392 46.4500087 8.20000392 46.7500081 0 P 0
L 8.20000392 56.05000982 8.20000392 56.35000922 0 P 0
L 8.20000392 58.4500101 8.20000392 58.7500095 0 P 0
L 8.20000392 60.85001038 8.20000392 61.15000978 0 P 0
L 8.65000302 4.6000035 8.95000242 4.6000035 0 P 0
L 8.65000302 7.00000378 8.95000242 7.00000378 0 P 0
L 8.65000302 9.40000406 8.95000242 9.40000406 0 P 0
L 8.65000302 11.80000434 8.95000242 11.80000434 0 P 0
L 8.65000302 14.20000462 8.95000242 14.20000462 0 P 0
L 8.65000302 16.6000049 8.95000242 16.6000049 0 P 0
L 8.65000302 23.80000574 8.95000242 23.80000574 0 P 0
L 8.65000302 26.20000602 8.95000242 26.20000602 0 P 0
L 8.65000302 28.6000063 8.95000242 28.6000063 0 P 0
L 8.65000302 43.00000798 8.95000242 43.00000798 0 P 0
L 8.65000302 47.80000854 8.95000242 47.80000854 0 P 0
L 8.80000272 4.4500038 8.80000272 4.7500032 0 P 0
L 8.80000272 6.85000408 8.80000272 7.15000348 0 P 0
L 8.80000272 9.25000436 8.80000272 9.55000376 0 P 0
L 8.80000272 11.65000464 8.80000272 11.95000404 0 P 0
L 8.80000272 14.05000492 8.80000272 14.35000432 0 P 0
L 8.80000272 16.4500052 8.80000272 16.7500046 0 P 0
L 8.80000272 23.65000604 8.80000272 23.95000544 0 P 0
L 8.80000272 26.05000632 8.80000272 26.35000572 0 P 0
L 8.80000272 28.4500066 8.80000272 28.750006 0 P 0
L 8.80000272 42.85000828 8.80000272 43.15000768 0 P 0
L 8.80000272 47.65000884 8.80000272 47.95000824 0 P 0
L 9.25000436 5.80000364 9.55000376 5.80000364 0 P 0
L 9.25000436 8.20000392 9.55000376 8.20000392 0 P 0
L 9.25000436 10.6000042 9.55000376 10.6000042 0 P 0
L 9.25000436 13.00000448 9.55000376 13.00000448 0 P 0
L 9.25000436 15.40000476 9.55000376 15.40000476 0 P 0
L 9.25000436 17.80000504 9.55000376 17.80000504 0 P 0
L 9.25000436 20.20000532 9.55000376 20.20000532 0 P 0
L 9.25000436 22.6000056 9.55000376 22.6000056 0 P 0
L 9.25000436 25.00000588 9.55000376 25.00000588 0 P 0
L 9.25000436 27.40000616 9.55000376 27.40000616 0 P 0
L 9.25000436 61.00001008 9.55000376 61.00001008 0 P 0
L 9.25000436 63.40001036 9.55000376 63.40001036 0 P 0
L 9.40000406 5.65000394 9.40000406 5.95000334 0 P 0
L 9.40000406 8.05000422 9.40000406 8.35000362 0 P 0
L 9.40000406 10.4500045 9.40000406 10.7500039 0 P 0
L 9.40000406 12.85000478 9.40000406 13.15000418 0 P 0
L 9.40000406 15.25000506 9.40000406 15.55000446 0 P 0
L 9.40000406 17.65000534 9.40000406 17.95000474 0 P 0
L 9.40000406 20.05000562 9.40000406 20.35000502 0 P 0
L 9.40000406 22.4500059 9.40000406 22.7500053 0 P 0
L 9.40000406 24.85000618 9.40000406 25.15000558 0 P 0
L 9.40000406 27.25000646 9.40000406 27.55000586 0 P 0
L 9.40000406 60.85001038 9.40000406 61.15000978 0 P 0
L 9.40000406 63.25001066 9.40000406 63.55001006 0 P 0
L 9.45000142 58.99999884 10.64999902 58.99999884 0 P 0
L 9.79600022 33.25079964 10.19599942 33.25079964 0 P 0
L 9.85000316 4.6000035 10.15000256 4.6000035 0 P 0
L 9.85000316 7.00000378 10.15000256 7.00000378 0 P 0
L 9.85000316 9.40000406 10.15000256 9.40000406 0 P 0
L 9.85000316 11.80000434 10.15000256 11.80000434 0 P 0
L 9.85000316 14.20000462 10.15000256 14.20000462 0 P 0
L 9.85000316 16.6000049 10.15000256 16.6000049 0 P 0
L 9.85000316 19.00000518 10.15000256 19.00000518 0 P 0
L 9.85000316 21.40000546 10.15000256 21.40000546 0 P 0
L 9.85000316 23.80000574 10.15000256 23.80000574 0 P 0
L 9.85000316 26.20000602 10.15000256 26.20000602 0 P 0
L 9.85000316 28.6000063 10.15000256 28.6000063 0 P 0
L 9.85000316 43.00000798 10.15000256 43.00000798 0 P 0
L 9.99599982 33.05080004 9.99599982 33.45079924 0 P 0
L 10.00000032 37.67499958 10.39999952 37.67499958 0 P 0
L 10.00000286 4.4500038 10.00000286 4.7500032 0 P 0
L 10.00000286 6.85000408 10.00000286 7.15000348 0 P 0
L 10.00000286 9.25000436 10.00000286 9.55000376 0 P 0
L 10.00000286 11.65000464 10.00000286 11.95000404 0 P 0
L 10.00000286 14.05000492 10.00000286 14.35000432 0 P 0
L 10.00000286 16.4500052 10.00000286 16.7500046 0 P 0
L 10.00000286 18.85000548 10.00000286 19.15000488 0 P 0
L 10.00000286 21.25000576 10.00000286 21.55000516 0 P 0
L 10.00000286 23.65000604 10.00000286 23.95000544 0 P 0
L 10.00000286 26.05000632 10.00000286 26.35000572 0 P 0
L 10.00000286 28.4500066 10.00000286 28.750006 0 P 0
L 10.00000286 42.85000828 10.00000286 43.15000768 0 P 0
L 10.00000286 46.47499722 10.40000206 46.47499722 0 P 0
L 10.05000022 58.40000004 10.05000022 59.59999764 0 P 0
L 10.10000012 35.69999972 10.49999932 35.69999972 0 P 0
L 10.19999992 37.47499998 10.19999992 37.87499918 0 P 0
L 10.19999992 39.72500056 10.59999912 39.72500056 0 P 0
L 10.20000246 46.27499762 10.20000246 46.67499682 0 P 0
L 10.29999972 35.50000012 10.29999972 35.89999932 0 P 0
L 10.39999952 39.52500096 10.39999952 39.92500016 0 P 0
L 10.4500045 5.80000364 10.7500039 5.80000364 0 P 0
L 10.4500045 10.6000042 10.7500039 10.6000042 0 P 0
L 10.4500045 13.00000448 10.7500039 13.00000448 0 P 0
L 10.4500045 15.40000476 10.7500039 15.40000476 0 P 0
L 10.4500045 17.80000504 10.7500039 17.80000504 0 P 0
L 10.4500045 20.20000532 10.7500039 20.20000532 0 P 0
L 10.4500045 22.6000056 10.7500039 22.6000056 0 P 0
L 10.4500045 25.00000588 10.7500039 25.00000588 0 P 0
L 10.4500045 27.40000616 10.7500039 27.40000616 0 P 0
L 10.4500045 29.80000644 10.7500039 29.80000644 0 P 0
L 10.4500045 61.00001008 10.7500039 61.00001008 0 P 0
L 10.6000042 5.65000394 10.6000042 5.95000334 0 P 0
L 10.6000042 10.4500045 10.6000042 10.7500039 0 P 0
L 10.6000042 12.85000478 10.6000042 13.15000418 0 P 0
L 10.6000042 15.25000506 10.6000042 15.55000446 0 P 0
L 10.6000042 17.65000534 10.6000042 17.95000474 0 P 0
L 10.6000042 20.05000562 10.6000042 20.35000502 0 P 0
L 10.6000042 22.4500059 10.6000042 22.7500053 0 P 0
L 10.6000042 24.85000618 10.6000042 25.15000558 0 P 0
L 10.6000042 27.25000646 10.6000042 27.55000586 0 P 0
L 10.6000042 29.65000674 10.6000042 29.95000614 0 P 0
L 10.6000042 60.85001038 10.6000042 61.15000978 0 P 0
L 11.02500208 8.01500048 12.72499868 8.01500048 0 P 0
L 11.0500033 11.80000434 11.3500027 11.80000434 0 P 0
L 11.0500033 14.20000462 11.3500027 14.20000462 0 P 0
L 11.0500033 16.6000049 11.3500027 16.6000049 0 P 0
L 11.0500033 19.00000518 11.3500027 19.00000518 0 P 0
L 11.0500033 21.40000546 11.3500027 21.40000546 0 P 0
L 11.0500033 23.80000574 11.3500027 23.80000574 0 P 0
L 11.0500033 26.20000602 11.3500027 26.20000602 0 P 0
L 11.0500033 28.6000063 11.3500027 28.6000063 0 P 0
L 11.0500033 43.00000798 11.3500027 43.00000798 0 P 0
L 11.200003 11.65000464 11.200003 11.95000404 0 P 0
L 11.200003 14.05000492 11.200003 14.35000432 0 P 0
L 11.200003 16.4500052 11.200003 16.7500046 0 P 0
L 11.200003 18.85000548 11.200003 19.15000488 0 P 0
L 11.200003 21.25000576 11.200003 21.55000516 0 P 0
L 11.200003 23.65000604 11.200003 23.95000544 0 P 0
L 11.200003 26.05000632 11.200003 26.35000572 0 P 0
L 11.200003 28.4500066 11.200003 28.750006 0 P 0
L 11.200003 42.85000828 11.200003 43.15000768 0 P 0
L 11.65000464 10.6000042 11.95000404 10.6000042 0 P 0
L 11.65000464 13.00000448 11.95000404 13.00000448 0 P 0
L 11.65000464 15.40000476 11.95000404 15.40000476 0 P 0
L 11.65000464 17.80000504 11.95000404 17.80000504 0 P 0
L 11.65000464 20.20000532 11.95000404 20.20000532 0 P 0
L 11.65000464 22.6000056 11.95000404 22.6000056 0 P 0
L 11.65000464 25.00000588 11.95000404 25.00000588 0 P 0
L 11.65000464 27.40000616 11.95000404 27.40000616 0 P 0
L 11.65000464 29.80000644 11.95000404 29.80000644 0 P 0
L 11.65000464 41.80000784 11.95000404 41.80000784 0 P 0
L 11.65000464 44.20000812 11.95000404 44.20000812 0 P 0
L 11.65000464 46.6000084 11.95000404 46.6000084 0 P 0
L 11.65000464 58.6000098 11.95000404 58.6000098 0 P 0
L 11.65000464 61.00001008 11.95000404 61.00001008 0 P 0
L 11.80000434 10.4500045 11.80000434 10.7500039 0 P 0
L 11.80000434 12.85000478 11.80000434 13.15000418 0 P 0
L 11.80000434 15.25000506 11.80000434 15.55000446 0 P 0
L 11.80000434 17.65000534 11.80000434 17.95000474 0 P 0
L 11.80000434 20.05000562 11.80000434 20.35000502 0 P 0
L 11.80000434 22.4500059 11.80000434 22.7500053 0 P 0
L 11.80000434 24.85000618 11.80000434 25.15000558 0 P 0
L 11.80000434 27.25000646 11.80000434 27.55000586 0 P 0
L 11.80000434 29.65000674 11.80000434 29.95000614 0 P 0
L 11.80000434 41.65000814 11.80000434 41.95000754 0 P 0
L 11.80000434 44.05000842 11.80000434 44.35000782 0 P 0
L 11.80000434 46.4500087 11.80000434 46.7500081 0 P 0
L 11.80000434 58.4500101 11.80000434 58.7500095 0 P 0
L 11.80000434 60.85001038 11.80000434 61.15000978 0 P 0
L 11.87500038 7.16500218 11.87500038 8.86499878 0 P 0
L 12.02500008 4.58499972 15.2750012 4.58499972 0 P 0
L 12.25000344 11.80000434 12.55000284 11.80000434 0 P 0
L 12.25000344 16.6000049 12.55000284 16.6000049 0 P 0
L 12.25000344 19.00000518 12.55000284 19.00000518 0 P 0
L 12.25000344 52.6000091 12.55000284 52.6000091 0 P 0
L 12.25000344 55.00000938 12.55000284 55.00000938 0 P 0
L 12.25000344 59.80000994 12.55000284 59.80000994 0 P 0
L 12.40000314 11.65000464 12.40000314 11.95000404 0 P 0
L 12.40000314 16.4500052 12.40000314 16.7500046 0 P 0
L 12.40000314 18.85000548 12.40000314 19.15000488 0 P 0
L 12.40000314 52.4500094 12.40000314 52.7500088 0 P 0
L 12.40000314 54.85000968 12.40000314 55.15000908 0 P 0
L 12.40000314 59.65001024 12.40000314 59.95000964 0 P 0
L 12.74000246 13.72499922 13.54000086 13.72499922 0 P 0
L 12.85000478 10.6000042 13.15000418 10.6000042 0 P 0
L 12.85000478 15.40000476 13.15000418 15.40000476 0 P 0
L 12.85000478 17.80000504 13.15000418 17.80000504 0 P 0
L 12.85000478 51.40000896 13.15000418 51.40000896 0 P 0
L 12.85000478 53.80000924 13.15000418 53.80000924 0 P 0
L 12.85000478 56.20000952 13.15000418 56.20000952 0 P 0
L 12.85000478 58.6000098 13.15000418 58.6000098 0 P 0
L 12.85000478 61.00001008 13.15000418 61.00001008 0 P 0
L 13.00000448 10.4500045 13.00000448 10.7500039 0 P 0
L 13.00000448 15.25000506 13.00000448 15.55000446 0 P 0
L 13.00000448 17.65000534 13.00000448 17.95000474 0 P 0
L 13.00000448 51.25000926 13.00000448 51.55000866 0 P 0
L 13.00000448 53.65000954 13.00000448 53.95000894 0 P 0
L 13.00000448 56.05000982 13.00000448 56.35000922 0 P 0
L 13.00000448 58.4500101 13.00000448 58.7500095 0 P 0
L 13.00000448 60.85001038 13.00000448 61.15000978 0 P 0
L 13.14000166 13.32500002 13.14000166 14.12499842 0 P 0
L 13.45000358 9.40000406 13.75000298 9.40000406 0 P 0
L 13.45000358 11.80000434 13.75000298 11.80000434 0 P 0
L 13.45000358 16.6000049 13.75000298 16.6000049 0 P 0
L 13.45000358 19.00000518 13.75000298 19.00000518 0 P 0
L 13.45000358 52.6000091 13.75000298 52.6000091 0 P 0
L 13.45000358 55.00000938 13.75000298 55.00000938 0 P 0
L 13.45000358 57.40000966 13.75000298 57.40000966 0 P 0
L 13.45000358 59.80000994 13.75000298 59.80000994 0 P 0
L 13.55000084 32.6269985 13.85000024 32.6269985 0 P 0
L 13.60000328 9.25000436 13.60000328 9.55000376 0 P 0
L 13.60000328 11.65000464 13.60000328 11.95000404 0 P 0
L 13.60000328 16.4500052 13.60000328 16.7500046 0 P 0
L 13.60000328 18.85000548 13.60000328 19.15000488 0 P 0
L 13.60000328 52.4500094 13.60000328 52.7500088 0 P 0
L 13.60000328 54.85000968 13.60000328 55.15000908 0 P 0
L 13.60000328 57.25000996 13.60000328 57.55000936 0 P 0
L 13.60000328 59.65001024 13.60000328 59.95000964 0 P 0
L 13.65000064 2.95999916 13.65000064 6.21000028 0 P 0
L 13.70000054 32.4769988 13.70000054 32.7769982 0 P 0
L 14.05000492 8.20000392 14.35000432 8.20000392 0 P 0
L 14.05000492 10.6000042 14.35000432 10.6000042 0 P 0
L 14.05000492 15.40000476 14.35000432 15.40000476 0 P 0
L 14.05000492 17.80000504 14.35000432 17.80000504 0 P 0
L 14.05000492 27.40000616 14.35000432 27.40000616 0 P 0
L 14.05000492 29.80000644 14.35000432 29.80000644 0 P 0
L 14.05000492 51.40000896 14.35000432 51.40000896 0 P 0
L 14.05000492 53.80000924 14.35000432 53.80000924 0 P 0
L 14.05000492 56.20000952 14.35000432 56.20000952 0 P 0
L 14.05000492 58.6000098 14.35000432 58.6000098 0 P 0
L 14.05000492 61.00001008 14.35000432 61.00001008 0 P 0
L 14.05000492 63.40001036 14.35000432 63.40001036 0 P 0
L 14.20000462 8.05000422 14.20000462 8.35000362 0 P 0
L 14.20000462 10.4500045 14.20000462 10.7500039 0 P 0
L 14.20000462 15.25000506 14.20000462 15.55000446 0 P 0
L 14.20000462 17.65000534 14.20000462 17.95000474 0 P 0
L 14.20000462 27.25000646 14.20000462 27.55000586 0 P 0
L 14.20000462 29.65000674 14.20000462 29.95000614 0 P 0
L 14.20000462 51.25000926 14.20000462 51.55000866 0 P 0
L 14.20000462 53.65000954 14.20000462 53.95000894 0 P 0
L 14.20000462 56.05000982 14.20000462 56.35000922 0 P 0
L 14.20000462 58.4500101 14.20000462 58.7500095 0 P 0
L 14.20000462 60.85001038 14.20000462 61.15000978 0 P 0
L 14.20000462 63.25001066 14.20000462 63.55001006 0 P 0
L 14.65000372 7.00000378 14.95000312 7.00000378 0 P 0
L 14.65000372 9.40000406 14.95000312 9.40000406 0 P 0
L 14.65000372 11.80000434 14.95000312 11.80000434 0 P 0
L 14.65000372 16.6000049 14.95000312 16.6000049 0 P 0
L 14.65000372 28.6000063 14.95000312 28.6000063 0 P 0
L 14.65000372 55.00000938 14.95000312 55.00000938 0 P 0
L 14.65000372 57.40000966 14.95000312 57.40000966 0 P 0
L 14.65000372 59.80000994 14.95000312 59.80000994 0 P 0
L 14.80000342 6.85000408 14.80000342 7.15000348 0 P 0
L 14.80000342 9.25000436 14.80000342 9.55000376 0 P 0
L 14.80000342 11.65000464 14.80000342 11.95000404 0 P 0
L 14.80000342 16.4500052 14.80000342 16.7500046 0 P 0
L 14.80000342 28.4500066 14.80000342 28.750006 0 P 0
L 14.80000342 54.85000968 14.80000342 55.15000908 0 P 0
L 14.80000342 57.25000996 14.80000342 57.55000936 0 P 0
L 14.80000342 59.65001024 14.80000342 59.95000964 0 P 0
L 14.90000068 40.42000044 15.89999868 40.42000044 0 P 0
L 14.90000068 42.96000044 15.89999868 42.96000044 0 P 0
L 14.90000068 45.50000044 15.89999868 45.50000044 0 P 0
L 14.90000068 48.04000044 15.89999868 48.04000044 0 P 0
L 15.03000042 13.72499922 15.82999882 13.72499922 0 P 0
L 15.25000506 10.6000042 15.55000446 10.6000042 0 P 0
L 15.25000506 15.40000476 15.55000446 15.40000476 0 P 0
L 15.25000506 27.40000616 15.55000446 27.40000616 0 P 0
L 15.25000506 29.80000644 15.55000446 29.80000644 0 P 0
L 15.25000506 56.20000952 15.55000446 56.20000952 0 P 0
L 15.25000506 61.00001008 15.55000446 61.00001008 0 P 0
L 15.39999968 39.92000144 15.39999968 40.91999944 0 P 0
L 15.39999968 42.46000144 15.39999968 43.45999944 0 P 0
L 15.39999968 45.00000144 15.39999968 45.99999944 0 P 0
L 15.39999968 47.54000144 15.39999968 48.53999944 0 P 0
L 15.40000476 10.4500045 15.40000476 10.7500039 0 P 0
L 15.40000476 15.25000506 15.40000476 15.55000446 0 P 0
L 15.40000476 27.25000646 15.40000476 27.55000586 0 P 0
L 15.40000476 29.65000674 15.40000476 29.95000614 0 P 0
L 15.40000476 56.05000982 15.40000476 56.35000922 0 P 0
L 15.40000476 60.85001038 15.40000476 61.15000978 0 P 0
L 15.42999962 13.32500002 15.42999962 14.12499842 0 P 0
L 15.84999878 59.69999998 16.69999962 59.69999998 0 P 0
L 15.84999878 63.5 16.39999514 63.5 0 P 0
L 15.85000386 7.00000378 16.15000326 7.00000378 0 P 0
L 15.85000386 11.80000434 16.15000326 11.80000434 0 P 0
L 15.85000386 16.6000049 16.15000326 16.6000049 0 P 0
L 15.85000386 28.6000063 16.15000326 28.6000063 0 P 0
L 15.85000386 55.00000938 16.15000326 55.00000938 0 P 0
L 15.85000386 57.40000966 16.15000326 57.40000966 0 P 0
L 15.90000122 3.50000062 16.30000042 3.50000062 0 P 0
L 16.00000356 6.85000408 16.00000356 7.15000348 0 P 0
L 16.00000356 11.65000464 16.00000356 11.95000404 0 P 0
L 16.00000356 16.4500052 16.00000356 16.7500046 0 P 0
L 16.00000356 28.4500066 16.00000356 28.750006 0 P 0
L 16.00000356 54.85000968 16.00000356 55.15000908 0 P 0
L 16.00000356 57.25000996 16.00000356 57.55000936 0 P 0
L 16.03000096 8.9049987 16.82999936 8.9049987 0 P 0
L 16.10000082 3.30000102 16.10000082 3.70000022 0 P 0
L 16.12499696 63.22500182 16.12499696 63.77499818 0 P 0
L 16.25000052 30.59999976 16.54999992 30.59999976 0 P 0
L 16.2749992 59.27499956 16.2749992 60.1250004 0 P 0
L 16.40000022 30.45000006 16.40000022 30.74999946 0 P 0
L 16.43000016 8.5049995 16.43000016 9.3049979 0 P 0
L 16.4500052 5.80000364 16.7500046 5.80000364 0 P 0
L 16.4500052 10.6000042 16.7500046 10.6000042 0 P 0
L 16.4500052 15.40000476 16.7500046 15.40000476 0 P 0
L 16.4500052 27.40000616 16.7500046 27.40000616 0 P 0
L 16.4500052 39.40000756 16.7500046 39.40000756 0 P 0
L 16.4500052 44.20000812 16.7500046 44.20000812 0 P 0
L 16.4500052 46.6000084 16.7500046 46.6000084 0 P 0
L 16.4500052 51.40000896 16.7500046 51.40000896 0 P 0
L 16.4500052 56.20000952 16.7500046 56.20000952 0 P 0
L 16.6000049 5.65000394 16.6000049 5.95000334 0 P 0
L 16.6000049 10.4500045 16.6000049 10.7500039 0 P 0
L 16.6000049 15.25000506 16.6000049 15.55000446 0 P 0
L 16.6000049 27.25000646 16.6000049 27.55000586 0 P 0
L 16.6000049 39.25000786 16.6000049 39.55000726 0 P 0
L 16.6000049 44.05000842 16.6000049 44.35000782 0 P 0
L 16.6000049 46.4500087 16.6000049 46.7500081 0 P 0
L 16.6000049 51.25000926 16.6000049 51.55000866 0 P 0
L 16.6000049 56.05000982 16.6000049 56.35000922 0 P 0
L 17.05000146 7.12499972 17.84999986 7.12499972 0 P 0
L 17.050004 11.80000434 17.3500034 11.80000434 0 P 0
L 17.050004 14.20000462 17.3500034 14.20000462 0 P 0
L 17.050004 19.00000518 17.3500034 19.00000518 0 P 0
L 17.050004 26.20000602 17.3500034 26.20000602 0 P 0
L 17.050004 28.6000063 17.3500034 28.6000063 0 P 0
L 17.050004 43.00000798 17.3500034 43.00000798 0 P 0
L 17.050004 45.40000826 17.3500034 45.40000826 0 P 0
L 17.050004 57.40000966 17.3500034 57.40000966 0 P 0
L 17.09999882 60.74999788 17.89999722 60.74999788 0 P 0
L 17.2000037 11.65000464 17.2000037 11.95000404 0 P 0
L 17.2000037 14.05000492 17.2000037 14.35000432 0 P 0
L 17.2000037 18.85000548 17.2000037 19.15000488 0 P 0
L 17.2000037 26.05000632 17.2000037 26.35000572 0 P 0
L 17.2000037 28.4500066 17.2000037 28.750006 0 P 0
L 17.2000037 42.85000828 17.2000037 43.15000768 0 P 0
L 17.2000037 45.25000856 17.2000037 45.55000796 0 P 0
L 17.2000037 57.25000996 17.2000037 57.55000936 0 P 0
L 17.45000066 6.72500052 17.45000066 7.52499892 0 P 0
L 17.49999802 60.34999868 17.49999802 61.14999708 0 P 0
L 17.65000534 10.6000042 17.95000474 10.6000042 0 P 0
L 17.65000534 13.00000448 17.95000474 13.00000448 0 P 0
L 17.65000534 17.80000504 17.95000474 17.80000504 0 P 0
L 17.65000534 27.40000616 17.95000474 27.40000616 0 P 0
L 17.65000534 44.20000812 17.95000474 44.20000812 0 P 0
L 17.65000534 46.6000084 17.95000474 46.6000084 0 P 0
L 17.65000534 58.6000098 17.95000474 58.6000098 0 P 0
L 17.65000534 63.40001036 17.95000474 63.40001036 0 P 0
L 17.80000504 10.4500045 17.80000504 10.7500039 0 P 0
L 17.80000504 12.85000478 17.80000504 13.15000418 0 P 0
L 17.80000504 17.65000534 17.80000504 17.95000474 0 P 0
L 17.80000504 27.25000646 17.80000504 27.55000586 0 P 0
L 17.80000504 44.05000842 17.80000504 44.35000782 0 P 0
L 17.80000504 46.4500087 17.80000504 46.7500081 0 P 0
L 17.80000504 58.4500101 17.80000504 58.7500095 0 P 0
L 17.80000504 63.25001066 17.80000504 63.55001006 0 P 0
L 17.84999986 39.20000034 18.14999926 39.20000034 0 P 0
L 17.99999956 39.05000064 17.99999956 39.35000004 0 P 0
L 18.07000196 8.9049987 18.87000036 8.9049987 0 P 0
L 18.19999916 52.97499946 18.59999836 52.97499946 0 P 0
L 18.25000414 11.80000434 18.55000354 11.80000434 0 P 0
L 18.25000414 14.20000462 18.55000354 14.20000462 0 P 0
L 18.25000414 19.00000518 18.55000354 19.00000518 0 P 0
L 18.25000414 43.00000798 18.55000354 43.00000798 0 P 0
L 18.25000414 45.40000826 18.55000354 45.40000826 0 P 0
L 18.39999876 52.77499986 18.39999876 53.17499906 0 P 0
L 18.40000384 11.65000464 18.40000384 11.95000404 0 P 0
L 18.40000384 14.05000492 18.40000384 14.35000432 0 P 0
L 18.40000384 18.85000548 18.40000384 19.15000488 0 P 0
L 18.40000384 42.85000828 18.40000384 43.15000768 0 P 0
L 18.40000384 45.25000856 18.40000384 45.55000796 0 P 0
L 18.47000116 8.5049995 18.47000116 9.3049979 0 P 0
L 18.85000548 5.80000364 19.15000488 5.80000364 0 P 0
L 18.85000548 10.6000042 19.15000488 10.6000042 0 P 0
L 18.85000548 13.00000448 19.15000488 13.00000448 0 P 0
L 18.85000548 17.80000504 19.15000488 17.80000504 0 P 0
L 18.85000548 25.00000588 19.15000488 25.00000588 0 P 0
L 18.85000548 41.80000784 19.15000488 41.80000784 0 P 0
L 18.85000548 44.20000812 19.15000488 44.20000812 0 P 0
L 18.85000548 46.6000084 19.15000488 46.6000084 0 P 0
L 18.85000548 63.40001036 19.15000488 63.40001036 0 P 0
L 18.85500166 56.19999936 19.25500086 56.19999936 0 P 0
L 19.00000518 5.65000394 19.00000518 5.95000334 0 P 0
L 19.00000518 10.4500045 19.00000518 10.7500039 0 P 0
L 19.00000518 12.85000478 19.00000518 13.15000418 0 P 0
L 19.00000518 17.65000534 19.00000518 17.95000474 0 P 0
L 19.00000518 24.85000618 19.00000518 25.15000558 0 P 0
L 19.00000518 41.65000814 19.00000518 41.95000754 0 P 0
L 19.00000518 44.05000842 19.00000518 44.35000782 0 P 0
L 19.00000518 46.4500087 19.00000518 46.7500081 0 P 0
L 19.00000518 63.25001066 19.00000518 63.55001006 0 P 0
L 19.05500126 55.99999976 19.05500126 56.39999896 0 P 0
L 19.09000246 7.12499972 19.89000086 7.12499972 0 P 0
L 19.45000428 11.80000434 19.75000368 11.80000434 0 P 0
L 19.45000428 16.6000049 19.75000368 16.6000049 0 P 0
L 19.45000428 19.00000518 19.75000368 19.00000518 0 P 0
L 19.45000428 40.6000077 19.75000368 40.6000077 0 P 0
L 19.45000428 43.00000798 19.75000368 43.00000798 0 P 0
L 19.45000428 45.40000826 19.75000368 45.40000826 0 P 0
L 19.49000166 6.72500052 19.49000166 7.52499892 0 P 0
L 19.60000398 11.65000464 19.60000398 11.95000404 0 P 0
L 19.60000398 16.4500052 19.60000398 16.7500046 0 P 0
L 19.60000398 18.85000548 19.60000398 19.15000488 0 P 0
L 19.60000398 40.450008 19.60000398 40.7500074 0 P 0
L 19.60000398 42.85000828 19.60000398 43.15000768 0 P 0
L 19.60000398 45.25000856 19.60000398 45.55000796 0 P 0
L 20.05000562 5.80000364 20.35000502 5.80000364 0 P 0
L 20.05000562 10.6000042 20.35000502 10.6000042 0 P 0
L 20.05000562 15.40000476 20.35000502 15.40000476 0 P 0
L 20.05000562 17.80000504 20.35000502 17.80000504 0 P 0
L 20.05000562 20.20000532 20.35000502 20.20000532 0 P 0
L 20.05000562 22.6000056 20.35000502 22.6000056 0 P 0
L 20.05000562 51.40000896 20.35000502 51.40000896 0 P 0
L 20.05000562 53.80000924 20.35000502 53.80000924 0 P 0
L 20.05000562 63.40001036 20.35000502 63.40001036 0 P 0
L 20.11000296 8.9049987 20.91000136 8.9049987 0 P 0
L 20.20000532 5.65000394 20.20000532 5.95000334 0 P 0
L 20.20000532 10.4500045 20.20000532 10.7500039 0 P 0
L 20.20000532 15.25000506 20.20000532 15.55000446 0 P 0
L 20.20000532 17.65000534 20.20000532 17.95000474 0 P 0
L 20.20000532 20.05000562 20.20000532 20.35000502 0 P 0
L 20.20000532 22.4500059 20.20000532 22.7500053 0 P 0
L 20.20000532 51.25000926 20.20000532 51.55000866 0 P 0
L 20.20000532 53.65000954 20.20000532 53.95000894 0 P 0
L 20.20000532 63.25001066 20.20000532 63.55001006 0 P 0
L 20.51000216 8.5049995 20.51000216 9.3049979 0 P 0
L 20.65000442 11.80000434 20.95000382 11.80000434 0 P 0
L 20.65000442 16.6000049 20.95000382 16.6000049 0 P 0
L 20.65000442 19.00000518 20.95000382 19.00000518 0 P 0
L 20.65000442 31.00000658 20.95000382 31.00000658 0 P 0
L 20.65000442 33.40000686 20.95000382 33.40000686 0 P 0
L 20.65000442 52.6000091 20.95000382 52.6000091 0 P 0
L 20.80000412 11.65000464 20.80000412 11.95000404 0 P 0
L 20.80000412 16.4500052 20.80000412 16.7500046 0 P 0
L 20.80000412 18.85000548 20.80000412 19.15000488 0 P 0
L 20.80000412 30.85000688 20.80000412 31.15000628 0 P 0
L 20.80000412 33.25000716 20.80000412 33.55000656 0 P 0
L 20.80000412 52.4500094 20.80000412 52.7500088 0 P 0
L 21.13000092 7.12499972 21.92999932 7.12499972 0 P 0
L 21.25000576 10.6000042 21.55000516 10.6000042 0 P 0
L 21.25000576 15.40000476 21.55000516 15.40000476 0 P 0
L 21.25000576 17.80000504 21.55000516 17.80000504 0 P 0
L 21.25000576 20.20000532 21.55000516 20.20000532 0 P 0
L 21.25000576 22.6000056 21.55000516 22.6000056 0 P 0
L 21.25000576 63.40001036 21.55000516 63.40001036 0 P 0
L 21.40000546 10.4500045 21.40000546 10.7500039 0 P 0
L 21.40000546 15.25000506 21.40000546 15.55000446 0 P 0
L 21.40000546 17.65000534 21.40000546 17.95000474 0 P 0
L 21.40000546 20.05000562 21.40000546 20.35000502 0 P 0
L 21.40000546 22.4500059 21.40000546 22.7500053 0 P 0
L 21.40000546 63.25001066 21.40000546 63.55001006 0 P 0
L 21.53000012 6.72500052 21.53000012 7.52499892 0 P 0
L 21.85000456 14.20000462 22.15000396 14.20000462 0 P 0
L 21.85000456 16.6000049 22.15000396 16.6000049 0 P 0
L 21.85000456 19.00000518 22.15000396 19.00000518 0 P 0
L 21.85000456 21.40000546 22.15000396 21.40000546 0 P 0
L 21.85000456 23.80000574 22.15000396 23.80000574 0 P 0
L 21.85000456 62.20001022 22.15000396 62.20001022 0 P 0
L 22.00000426 14.05000492 22.00000426 14.35000432 0 P 0
L 22.00000426 16.4500052 22.00000426 16.7500046 0 P 0
L 22.00000426 18.85000548 22.00000426 19.15000488 0 P 0
L 22.00000426 21.25000576 22.00000426 21.55000516 0 P 0
L 22.00000426 23.65000604 22.00000426 23.95000544 0 P 0
L 22.00000426 62.05001052 22.00000426 62.35000992 0 P 0
L 22.04999908 35.89999932 22.34999848 35.89999932 0 P 0
L 22.09999898 60.74999788 22.89999738 60.74999788 0 P 0
L 22.15000142 8.9049987 22.94999982 8.9049987 0 P 0
L 22.19999878 35.74999962 22.19999878 36.04999902 0 P 0
L 22.40000092 52.97499946 22.80000012 52.97499946 0 P 0
L 22.4500059 13.00000448 22.7500053 13.00000448 0 P 0
L 22.4500059 15.40000476 22.7500053 15.40000476 0 P 0
L 22.4500059 17.80000504 22.7500053 17.80000504 0 P 0
L 22.4500059 20.20000532 22.7500053 20.20000532 0 P 0
L 22.4500059 22.6000056 22.7500053 22.6000056 0 P 0
L 22.4500059 46.6000084 22.7500053 46.6000084 0 P 0
L 22.4500059 58.6000098 22.7500053 58.6000098 0 P 0
L 22.4500059 63.40001036 22.7500053 63.40001036 0 P 0
L 22.49999818 60.34999868 22.49999818 61.14999708 0 P 0
L 22.55000062 8.5049995 22.55000062 9.3049979 0 P 0
L 22.60000052 52.77499986 22.60000052 53.17499906 0 P 0
L 22.6000056 12.85000478 22.6000056 13.15000418 0 P 0
L 22.6000056 15.25000506 22.6000056 15.55000446 0 P 0
L 22.6000056 17.65000534 22.6000056 17.95000474 0 P 0
L 22.6000056 20.05000562 22.6000056 20.35000502 0 P 0
L 22.6000056 22.4500059 22.6000056 22.7500053 0 P 0
L 22.6000056 46.4500087 22.6000056 46.7500081 0 P 0
L 22.6000056 58.4500101 22.6000056 58.7500095 0 P 0
L 22.6000056 63.25001066 22.6000056 63.55001006 0 P 0
L 22.94999982 34.29999998 23.24999922 34.29999998 0 P 0
L 23.0500047 14.20000462 23.3500041 14.20000462 0 P 0
L 23.0500047 16.6000049 23.3500041 16.6000049 0 P 0
L 23.0500047 19.00000518 23.3500041 19.00000518 0 P 0
L 23.0500047 21.40000546 23.3500041 21.40000546 0 P 0
L 23.0500047 45.40000826 23.3500041 45.40000826 0 P 0
L 23.0500047 55.00000938 23.3500041 55.00000938 0 P 0
L 23.0500047 57.40000966 23.3500041 57.40000966 0 P 0
L 23.0500047 62.20001022 23.3500041 62.20001022 0 P 0
L 23.09999952 34.15000028 23.09999952 34.44999968 0 P 0
L 23.17000192 7.12499972 23.97000032 7.12499972 0 P 0
L 23.2000044 14.05000492 23.2000044 14.35000432 0 P 0
L 23.2000044 16.4500052 23.2000044 16.7500046 0 P 0
L 23.2000044 18.85000548 23.2000044 19.15000488 0 P 0
L 23.2000044 21.25000576 23.2000044 21.55000516 0 P 0
L 23.2000044 45.25000856 23.2000044 45.55000796 0 P 0
L 23.2000044 54.85000968 23.2000044 55.15000908 0 P 0
L 23.2000044 57.25000996 23.2000044 57.55000936 0 P 0
L 23.2000044 62.05001052 23.2000044 62.35000992 0 P 0
L 23.29999658 59.69999998 24.14999742 59.69999998 0 P 0
L 23.35000156 30.30000036 23.65000096 30.30000036 0 P 0
L 23.45000136 27.70000048 23.75000076 27.70000048 0 P 0
L 23.50000126 30.15000066 23.50000126 30.45000006 0 P 0
L 23.57000112 6.72500052 23.57000112 7.52499892 0 P 0
L 23.60000106 27.55000078 23.60000106 27.85000018 0 P 0
L 23.60000106 63.5 24.14999742 63.5 0 P 0
L 23.65000096 32.70000064 23.95000036 32.70000064 0 P 0
L 23.65000604 15.40000476 23.95000544 15.40000476 0 P 0
L 23.65000604 17.80000504 23.95000544 17.80000504 0 P 0
L 23.65000604 20.20000532 23.95000544 20.20000532 0 P 0
L 23.65000604 22.6000056 23.95000544 22.6000056 0 P 0
L 23.65000604 46.6000084 23.95000544 46.6000084 0 P 0
L 23.65000604 56.20000952 23.95000544 56.20000952 0 P 0
L 23.70000086 3.50000062 24.10000006 3.50000062 0 P 0
L 23.724997 59.27499956 23.724997 60.1250004 0 P 0
L 23.80000066 32.55000094 23.80000066 32.85000034 0 P 0
L 23.80000574 15.25000506 23.80000574 15.55000446 0 P 0
L 23.80000574 17.65000534 23.80000574 17.95000474 0 P 0
L 23.80000574 20.05000562 23.80000574 20.35000502 0 P 0
L 23.80000574 22.4500059 23.80000574 22.7500053 0 P 0
L 23.80000574 46.4500087 23.80000574 46.7500081 0 P 0
L 23.80000574 56.05000982 23.80000574 56.35000922 0 P 0
L 23.87499924 63.22500182 23.87499924 63.77499818 0 P 0
L 23.90000046 3.30000102 23.90000046 3.70000022 0 P 0
L 24.17000246 13.72499922 24.97000086 13.72499922 0 P 0
L 24.25000484 16.6000049 24.55000424 16.6000049 0 P 0
L 24.25000484 19.00000518 24.55000424 19.00000518 0 P 0
L 24.25000484 50.20000882 24.55000424 50.20000882 0 P 0
L 24.25000484 55.00000938 24.55000424 55.00000938 0 P 0
L 24.25000484 57.40000966 24.55000424 57.40000966 0 P 0
L 24.3799995 36.04999902 24.6799989 36.04999902 0 P 0
L 24.40000454 16.4500052 24.40000454 16.7500046 0 P 0
L 24.40000454 18.85000548 24.40000454 19.15000488 0 P 0
L 24.40000454 50.05000912 24.40000454 50.35000852 0 P 0
L 24.40000454 54.85000968 24.40000454 55.15000908 0 P 0
L 24.40000454 57.25000996 24.40000454 57.55000936 0 P 0
L 24.5299992 35.89999932 24.5299992 36.19999872 0 P 0
L 24.566499 33.36349944 24.8664984 33.36349944 0 P 0
L 24.57000166 13.32500002 24.57000166 14.12499842 0 P 0
L 24.7164987 33.21349974 24.7164987 33.51349914 0 P 0
L 24.72500008 4.58499972 27.9750012 4.58499972 0 P 0
L 24.85000618 15.40000476 25.15000558 15.40000476 0 P 0
L 24.85000618 17.80000504 25.15000558 17.80000504 0 P 0
L 24.85000618 51.40000896 25.15000558 51.40000896 0 P 0
L 24.85000618 56.20000952 25.15000558 56.20000952 0 P 0
L 24.85000618 58.6000098 25.15000558 58.6000098 0 P 0
L 24.85000618 61.00001008 25.15000558 61.00001008 0 P 0
L 24.93000094 40.10000108 25.23000034 40.10000108 0 P 0
L 25.00000588 15.25000506 25.00000588 15.55000446 0 P 0
L 25.00000588 17.65000534 25.00000588 17.95000474 0 P 0
L 25.00000588 51.25000926 25.00000588 51.55000866 0 P 0
L 25.00000588 56.05000982 25.00000588 56.35000922 0 P 0
L 25.00000588 58.4500101 25.00000588 58.7500095 0 P 0
L 25.00000588 60.85001038 25.00000588 61.15000978 0 P 0
L 25.08000064 39.95000138 25.08000064 40.25000078 0 P 0
L 25.45000498 2.20000322 25.75000438 2.20000322 0 P 0
L 25.45000498 9.40000406 25.75000438 9.40000406 0 P 0
L 25.45000498 16.6000049 25.75000438 16.6000049 0 P 0
L 25.45000498 19.00000518 25.75000438 19.00000518 0 P 0
L 25.45000498 50.20000882 25.75000438 50.20000882 0 P 0
L 25.45000498 52.6000091 25.75000438 52.6000091 0 P 0
L 25.45000498 55.00000938 25.75000438 55.00000938 0 P 0
L 25.45000498 57.40000966 25.75000438 57.40000966 0 P 0
L 25.45000498 59.80000994 25.75000438 59.80000994 0 P 0
L 25.45000498 62.20001022 25.75000438 62.20001022 0 P 0
L 25.60000468 2.05000352 25.60000468 2.35000292 0 P 0
L 25.60000468 9.25000436 25.60000468 9.55000376 0 P 0
L 25.60000468 16.4500052 25.60000468 16.7500046 0 P 0
L 25.60000468 18.85000548 25.60000468 19.15000488 0 P 0
L 25.60000468 50.05000912 25.60000468 50.35000852 0 P 0
L 25.60000468 52.4500094 25.60000468 52.7500088 0 P 0
L 25.60000468 54.85000968 25.60000468 55.15000908 0 P 0
L 25.60000468 57.25000996 25.60000468 57.55000936 0 P 0
L 25.60000468 59.65001024 25.60000468 59.95000964 0 P 0
L 25.60000468 62.05001052 25.60000468 62.35000992 0 P 0
L 26.05000632 8.20000392 26.35000572 8.20000392 0 P 0
L 26.05000632 15.40000476 26.35000572 15.40000476 0 P 0
L 26.05000632 17.80000504 26.35000572 17.80000504 0 P 0
L 26.05000632 20.20000532 26.35000572 20.20000532 0 P 0
L 26.05000632 41.80000784 26.35000572 41.80000784 0 P 0
L 26.05000632 44.20000812 26.35000572 44.20000812 0 P 0
L 26.05000632 51.40000896 26.35000572 51.40000896 0 P 0
L 26.05000632 53.80000924 26.35000572 53.80000924 0 P 0
L 26.05000632 56.20000952 26.35000572 56.20000952 0 P 0
L 26.05000632 58.6000098 26.35000572 58.6000098 0 P 0
L 26.05000632 61.00001008 26.35000572 61.00001008 0 P 0
L 26.05000632 63.40001036 26.35000572 63.40001036 0 P 0
L 26.20000602 8.05000422 26.20000602 8.35000362 0 P 0
L 26.20000602 15.25000506 26.20000602 15.55000446 0 P 0
L 26.20000602 17.65000534 26.20000602 17.95000474 0 P 0
L 26.20000602 20.05000562 26.20000602 20.35000502 0 P 0
L 26.20000602 41.65000814 26.20000602 41.95000754 0 P 0
L 26.20000602 44.05000842 26.20000602 44.35000782 0 P 0
L 26.20000602 51.25000926 26.20000602 51.55000866 0 P 0
L 26.20000602 53.65000954 26.20000602 53.95000894 0 P 0
L 26.20000602 56.05000982 26.20000602 56.35000922 0 P 0
L 26.20000602 58.4500101 26.20000602 58.7500095 0 P 0
L 26.20000602 60.85001038 26.20000602 61.15000978 0 P 0
L 26.20000602 63.25001066 26.20000602 63.55001006 0 P 0
L 26.35000064 2.95999916 26.35000064 6.21000028 0 P 0
L 26.46000296 13.72499922 27.26000136 13.72499922 0 P 0
L 26.65000512 9.40000406 26.95000452 9.40000406 0 P 0
L 26.65000512 16.6000049 26.95000452 16.6000049 0 P 0
L 26.65000512 19.00000518 26.95000452 19.00000518 0 P 0
L 26.65000512 45.40000826 26.95000452 45.40000826 0 P 0
L 26.65000512 50.20000882 26.95000452 50.20000882 0 P 0
L 26.65000512 52.6000091 26.95000452 52.6000091 0 P 0
L 26.65000512 55.00000938 26.95000452 55.00000938 0 P 0
L 26.65000512 57.40000966 26.95000452 57.40000966 0 P 0
L 26.65000512 59.80000994 26.95000452 59.80000994 0 P 0
L 26.65000512 62.20001022 26.95000452 62.20001022 0 P 0
L 26.80000482 9.25000436 26.80000482 9.55000376 0 P 0
L 26.80000482 16.4500052 26.80000482 16.7500046 0 P 0
L 26.80000482 18.85000548 26.80000482 19.15000488 0 P 0
L 26.80000482 45.25000856 26.80000482 45.55000796 0 P 0
L 26.80000482 50.05000912 26.80000482 50.35000852 0 P 0
L 26.80000482 52.4500094 26.80000482 52.7500088 0 P 0
L 26.80000482 54.85000968 26.80000482 55.15000908 0 P 0
L 26.80000482 57.25000996 26.80000482 57.55000936 0 P 0
L 26.80000482 59.65001024 26.80000482 59.95000964 0 P 0
L 26.80000482 62.05001052 26.80000482 62.35000992 0 P 0
L 26.86000216 13.32500002 26.86000216 14.12499842 0 P 0
L 27.25000646 15.40000476 27.55000586 15.40000476 0 P 0
L 27.25000646 17.80000504 27.55000586 17.80000504 0 P 0
L 27.25000646 41.80000784 27.55000586 41.80000784 0 P 0
L 27.25000646 44.20000812 27.55000586 44.20000812 0 P 0
L 27.25000646 58.6000098 27.55000586 58.6000098 0 P 0
L 27.25000646 61.00001008 27.55000586 61.00001008 0 P 0
L 27.25000646 63.40001036 27.55000586 63.40001036 0 P 0
L 27.2750026 8.01500048 28.9749992 8.01500048 0 P 0
L 27.40000616 15.25000506 27.40000616 15.55000446 0 P 0
L 27.40000616 17.65000534 27.40000616 17.95000474 0 P 0
L 27.40000616 41.65000814 27.40000616 41.95000754 0 P 0
L 27.40000616 44.05000842 27.40000616 44.35000782 0 P 0
L 27.40000616 58.4500101 27.40000616 58.7500095 0 P 0
L 27.40000616 60.85001038 27.40000616 61.15000978 0 P 0
L 27.40000616 63.25001066 27.40000616 63.55001006 0 P 0
L 27.85000526 2.20000322 28.15000466 2.20000322 0 P 0
L 27.85000526 16.6000049 28.15000466 16.6000049 0 P 0
L 27.85000526 21.40000546 28.15000466 21.40000546 0 P 0
L 27.85000526 45.40000826 28.15000466 45.40000826 0 P 0
L 27.85000526 59.80000994 28.15000466 59.80000994 0 P 0
L 27.85000526 62.20001022 28.15000466 62.20001022 0 P 0
L 27.95966214 19.07466086 28.58965834 19.07466086 0 P 0
L 28.00000496 2.05000352 28.00000496 2.35000292 0 P 0
L 28.00000496 16.4500052 28.00000496 16.7500046 0 P 0
L 28.00000496 21.25000576 28.00000496 21.55000516 0 P 0
L 28.00000496 45.25000856 28.00000496 45.55000796 0 P 0
L 28.00000496 59.65001024 28.00000496 59.95000964 0 P 0
L 28.00000496 62.05001052 28.00000496 62.35000992 0 P 0
L 28.1250009 7.16500218 28.1250009 8.86499878 0 P 0
L 28.27466024 18.75966276 28.27466024 19.38965896 0 P 0
L 28.4500066 3.40000336 28.750006 3.40000336 0 P 0
L 28.4500066 5.80000364 28.750006 5.80000364 0 P 0
L 28.4500066 13.00000448 28.750006 13.00000448 0 P 0
L 28.4500066 15.40000476 28.750006 15.40000476 0 P 0
L 28.4500066 17.80000504 28.750006 17.80000504 0 P 0
L 28.4500066 41.80000784 28.750006 41.80000784 0 P 0
L 28.4500066 44.20000812 28.750006 44.20000812 0 P 0
L 28.4500066 53.80000924 28.750006 53.80000924 0 P 0
L 28.4500066 58.6000098 28.750006 58.6000098 0 P 0
L 28.4500066 61.00001008 28.750006 61.00001008 0 P 0
L 28.4500066 63.40001036 28.750006 63.40001036 0 P 0
L 28.6000063 3.25000366 28.6000063 3.55000306 0 P 0
L 28.6000063 5.65000394 28.6000063 5.95000334 0 P 0
L 28.6000063 12.85000478 28.6000063 13.15000418 0 P 0
L 28.6000063 15.25000506 28.6000063 15.55000446 0 P 0
L 28.6000063 17.65000534 28.6000063 17.95000474 0 P 0
L 28.6000063 41.65000814 28.6000063 41.95000754 0 P 0
L 28.6000063 44.05000842 28.6000063 44.35000782 0 P 0
L 28.6000063 53.65000954 28.6000063 53.95000894 0 P 0
L 28.6000063 58.4500101 28.6000063 58.7500095 0 P 0
L 28.6000063 60.85001038 28.6000063 61.15000978 0 P 0
L 28.6000063 63.25001066 28.6000063 63.55001006 0 P 0
L 29.0500054 2.20000322 29.3500048 2.20000322 0 P 0
L 29.0500054 4.6000035 29.3500048 4.6000035 0 P 0
L 29.0500054 14.20000462 29.3500048 14.20000462 0 P 0
L 29.0500054 16.6000049 29.3500048 16.6000049 0 P 0
L 29.0500054 21.40000546 29.3500048 21.40000546 0 P 0
L 29.0500054 45.40000826 29.3500048 45.40000826 0 P 0
L 29.0500054 50.20000882 29.3500048 50.20000882 0 P 0
L 29.0500054 55.00000938 29.3500048 55.00000938 0 P 0
L 29.0500054 59.80000994 29.3500048 59.80000994 0 P 0
L 29.0500054 62.20001022 29.3500048 62.20001022 0 P 0
L 29.2000051 2.05000352 29.2000051 2.35000292 0 P 0
L 29.2000051 4.4500038 29.2000051 4.7500032 0 P 0
L 29.2000051 14.05000492 29.2000051 14.35000432 0 P 0
L 29.2000051 16.4500052 29.2000051 16.7500046 0 P 0
L 29.2000051 21.25000576 29.2000051 21.55000516 0 P 0
L 29.2000051 45.25000856 29.2000051 45.55000796 0 P 0
L 29.2000051 50.05000912 29.2000051 50.35000852 0 P 0
L 29.2000051 54.85000968 29.2000051 55.15000908 0 P 0
L 29.2000051 59.65001024 29.2000051 59.95000964 0 P 0
L 29.2000051 62.05001052 29.2000051 62.35000992 0 P 0
L 29.65000674 3.40000336 29.95000614 3.40000336 0 P 0
L 29.65000674 5.80000364 29.95000614 5.80000364 0 P 0
L 29.65000674 13.00000448 29.95000614 13.00000448 0 P 0
L 29.65000674 15.40000476 29.95000614 15.40000476 0 P 0
L 29.65000674 17.80000504 29.95000614 17.80000504 0 P 0
L 29.65000674 20.20000532 29.95000614 20.20000532 0 P 0
L 29.65000674 53.80000924 29.95000614 53.80000924 0 P 0
L 29.65000674 58.6000098 29.95000614 58.6000098 0 P 0
L 29.65000674 61.00001008 29.95000614 61.00001008 0 P 0
L 29.65000674 63.40001036 29.95000614 63.40001036 0 P 0
L 29.80000644 3.25000366 29.80000644 3.55000306 0 P 0
L 29.80000644 5.65000394 29.80000644 5.95000334 0 P 0
L 29.80000644 12.85000478 29.80000644 13.15000418 0 P 0
L 29.80000644 15.25000506 29.80000644 15.55000446 0 P 0
L 29.80000644 17.65000534 29.80000644 17.95000474 0 P 0
L 29.80000644 20.05000562 29.80000644 20.35000502 0 P 0
L 29.80000644 53.65000954 29.80000644 53.95000894 0 P 0
L 29.80000644 58.4500101 29.80000644 58.7500095 0 P 0
L 29.80000644 60.85001038 29.80000644 61.15000978 0 P 0
L 29.80000644 63.25001066 29.80000644 63.55001006 0 P 0
L 30.25000554 2.20000322 30.55000494 2.20000322 0 P 0
L 30.25000554 4.6000035 30.55000494 4.6000035 0 P 0
L 30.25000554 7.00000378 30.55000494 7.00000378 0 P 0
L 30.25000554 9.40000406 30.55000494 9.40000406 0 P 0
L 30.25000554 14.20000462 30.55000494 14.20000462 0 P 0
L 30.25000554 16.6000049 30.55000494 16.6000049 0 P 0
L 30.25000554 19.00000518 30.55000494 19.00000518 0 P 0
L 30.25000554 21.40000546 30.55000494 21.40000546 0 P 0
L 30.25000554 23.80000574 30.55000494 23.80000574 0 P 0
L 30.25000554 50.20000882 30.55000494 50.20000882 0 P 0
L 30.25000554 55.00000938 30.55000494 55.00000938 0 P 0
L 30.25000554 59.80000994 30.55000494 59.80000994 0 P 0
L 30.25000554 62.20001022 30.55000494 62.20001022 0 P 0
L 30.40000016 48.79999892 30.79999936 48.79999892 0 P 0
L 30.40000524 2.05000352 30.40000524 2.35000292 0 P 0
L 30.40000524 4.4500038 30.40000524 4.7500032 0 P 0
L 30.40000524 6.85000408 30.40000524 7.15000348 0 P 0
L 30.40000524 9.25000436 30.40000524 9.55000376 0 P 0
L 30.40000524 14.05000492 30.40000524 14.35000432 0 P 0
L 30.40000524 16.4500052 30.40000524 16.7500046 0 P 0
L 30.40000524 18.85000548 30.40000524 19.15000488 0 P 0
L 30.40000524 21.25000576 30.40000524 21.55000516 0 P 0
L 30.40000524 23.65000604 30.40000524 23.95000544 0 P 0
L 30.40000524 50.05000912 30.40000524 50.35000852 0 P 0
L 30.40000524 54.85000968 30.40000524 55.15000908 0 P 0
L 30.40000524 59.65001024 30.40000524 59.95000964 0 P 0
L 30.40000524 62.05001052 30.40000524 62.35000992 0 P 0
L 30.45000006 47.19999958 30.74999946 47.19999958 0 P 0
L 30.59999976 47.04999988 30.59999976 47.34999928 0 P 0
L 30.59999976 48.59999932 30.59999976 48.99999852 0 P 0
L 30.85000688 3.40000336 31.15000628 3.40000336 0 P 0
L 30.85000688 5.80000364 31.15000628 5.80000364 0 P 0
L 30.85000688 8.20000392 31.15000628 8.20000392 0 P 0
L 30.85000688 13.00000448 31.15000628 13.00000448 0 P 0
L 30.85000688 15.40000476 31.15000628 15.40000476 0 P 0
L 30.85000688 17.80000504 31.15000628 17.80000504 0 P 0
L 30.85000688 20.20000532 31.15000628 20.20000532 0 P 0
L 30.85000688 25.00000588 31.15000628 25.00000588 0 P 0
L 30.85000688 51.40000896 31.15000628 51.40000896 0 P 0
L 30.85000688 53.80000924 31.15000628 53.80000924 0 P 0
L 30.85000688 56.20000952 31.15000628 56.20000952 0 P 0
L 30.85000688 58.6000098 31.15000628 58.6000098 0 P 0
L 30.85000688 61.00001008 31.15000628 61.00001008 0 P 0
L 30.85000688 63.40001036 31.15000628 63.40001036 0 P 0
L 31.00000658 3.25000366 31.00000658 3.55000306 0 P 0
L 31.00000658 5.65000394 31.00000658 5.95000334 0 P 0
L 31.00000658 8.05000422 31.00000658 8.35000362 0 P 0
L 31.00000658 12.85000478 31.00000658 13.15000418 0 P 0
L 31.00000658 15.25000506 31.00000658 15.55000446 0 P 0
L 31.00000658 17.65000534 31.00000658 17.95000474 0 P 0
L 31.00000658 20.05000562 31.00000658 20.35000502 0 P 0
L 31.00000658 24.85000618 31.00000658 25.15000558 0 P 0
L 31.00000658 51.25000926 31.00000658 51.55000866 0 P 0
L 31.00000658 53.65000954 31.00000658 53.95000894 0 P 0
L 31.00000658 56.05000982 31.00000658 56.35000922 0 P 0
L 31.00000658 58.4500101 31.00000658 58.7500095 0 P 0
L 31.00000658 60.85001038 31.00000658 61.15000978 0 P 0
L 31.00000658 63.25001066 31.00000658 63.55001006 0 P 0
L 31.41034358 22.5253423 32.04033978 22.5253423 0 P 0
L 31.45000568 2.20000322 31.75000508 2.20000322 0 P 0
L 31.45000568 7.00000378 31.75000508 7.00000378 0 P 0
L 31.45000568 9.40000406 31.75000508 9.40000406 0 P 0
L 31.45000568 14.20000462 31.75000508 14.20000462 0 P 0
L 31.45000568 16.6000049 31.75000508 16.6000049 0 P 0
L 31.45000568 19.00000518 31.75000508 19.00000518 0 P 0
L 31.45000568 23.80000574 31.75000508 23.80000574 0 P 0
L 31.45000568 50.20000882 31.75000508 50.20000882 0 P 0
L 31.45000568 52.6000091 31.75000508 52.6000091 0 P 0
L 31.45000568 55.00000938 31.75000508 55.00000938 0 P 0
L 31.45000568 57.40000966 31.75000508 57.40000966 0 P 0
L 31.45000568 59.80000994 31.75000508 59.80000994 0 P 0
L 31.53000044 39.88999896 31.82999984 39.88999896 0 P 0
L 31.60000538 2.05000352 31.60000538 2.35000292 0 P 0
L 31.60000538 6.85000408 31.60000538 7.15000348 0 P 0
L 31.60000538 9.25000436 31.60000538 9.55000376 0 P 0
L 31.60000538 14.05000492 31.60000538 14.35000432 0 P 0
L 31.60000538 16.4500052 31.60000538 16.7500046 0 P 0
L 31.60000538 18.85000548 31.60000538 19.15000488 0 P 0
L 31.60000538 23.65000604 31.60000538 23.95000544 0 P 0
L 31.60000538 50.05000912 31.60000538 50.35000852 0 P 0
L 31.60000538 52.4500094 31.60000538 52.7500088 0 P 0
L 31.60000538 54.85000968 31.60000538 55.15000908 0 P 0
L 31.60000538 57.25000996 31.60000538 57.55000936 0 P 0
L 31.60000538 59.65001024 31.60000538 59.95000964 0 P 0
L 31.68000014 39.73999926 31.68000014 40.03999866 0 P 0
L 31.72534168 22.2103442 31.72534168 22.8403404 0 P 0
L 32.05000702 8.20000392 32.35000642 8.20000392 0 P 0
L 32.05000702 13.00000448 32.35000642 13.00000448 0 P 0
L 32.05000702 15.40000476 32.35000642 15.40000476 0 P 0
L 32.05000702 17.80000504 32.35000642 17.80000504 0 P 0
L 32.05000702 20.20000532 32.35000642 20.20000532 0 P 0
L 32.05000702 25.00000588 32.35000642 25.00000588 0 P 0
L 32.05000702 53.80000924 32.35000642 53.80000924 0 P 0
L 32.05000702 56.20000952 32.35000642 56.20000952 0 P 0
L 32.20000672 8.05000422 32.20000672 8.35000362 0 P 0
L 32.20000672 12.85000478 32.20000672 13.15000418 0 P 0
L 32.20000672 15.25000506 32.20000672 15.55000446 0 P 0
L 32.20000672 17.65000534 32.20000672 17.95000474 0 P 0
L 32.20000672 20.05000562 32.20000672 20.35000502 0 P 0
L 32.20000672 24.85000618 32.20000672 25.15000558 0 P 0
L 32.20000672 53.65000954 32.20000672 53.95000894 0 P 0
L 32.20000672 56.05000982 32.20000672 56.35000922 0 P 0
L 32.3499988 51.00000214 33.6499962 51.00000214 0 P 0
L 32.36000132 4.59999842 33.35999932 4.59999842 0 P 0
L 32.4999985 58.50000238 33.4999965 58.50000238 0 P 0
L 32.65000582 2.20000322 32.95000522 2.20000322 0 P 0
L 32.65000582 7.00000378 32.95000522 7.00000378 0 P 0
L 32.65000582 9.40000406 32.95000522 9.40000406 0 P 0
L 32.65000582 14.20000462 32.95000522 14.20000462 0 P 0
L 32.65000582 16.6000049 32.95000522 16.6000049 0 P 0
L 32.65000582 19.00000518 32.95000522 19.00000518 0 P 0
L 32.65000582 21.40000546 32.95000522 21.40000546 0 P 0
L 32.65000582 23.80000574 32.95000522 23.80000574 0 P 0
L 32.65000582 52.6000091 32.95000522 52.6000091 0 P 0
L 32.65000582 55.00000938 32.95000522 55.00000938 0 P 0
L 32.75000054 46.70000058 33.04999994 46.70000058 0 P 0
L 32.80000552 2.05000352 32.80000552 2.35000292 0 P 0
L 32.80000552 6.85000408 32.80000552 7.15000348 0 P 0
L 32.80000552 9.25000436 32.80000552 9.55000376 0 P 0
L 32.80000552 14.05000492 32.80000552 14.35000432 0 P 0
L 32.80000552 16.4500052 32.80000552 16.7500046 0 P 0
L 32.80000552 18.85000548 32.80000552 19.15000488 0 P 0
L 32.80000552 21.25000576 32.80000552 21.55000516 0 P 0
L 32.80000552 23.65000604 32.80000552 23.95000544 0 P 0
L 32.80000552 52.4500094 32.80000552 52.7500088 0 P 0
L 32.80000552 54.85000968 32.80000552 55.15000908 0 P 0
L 32.86000032 4.09999942 32.86000032 5.09999742 0 P 0
L 32.90000024 46.55000088 32.90000024 46.85000028 0 P 0
L 32.9999975 50.35000344 32.9999975 51.65000084 0 P 0
L 32.9999975 58.00000338 32.9999975 59.00000138 0 P 0
L 33.25000716 8.20000392 33.55000656 8.20000392 0 P 0
L 33.25000716 13.00000448 33.55000656 13.00000448 0 P 0
L 33.25000716 15.40000476 33.55000656 15.40000476 0 P 0
L 33.25000716 17.80000504 33.55000656 17.80000504 0 P 0
L 33.25000716 20.20000532 33.55000656 20.20000532 0 P 0
L 33.25000716 22.6000056 33.55000656 22.6000056 0 P 0
L 33.25000716 25.00000588 33.55000656 25.00000588 0 P 0
L 33.25000716 53.80000924 33.55000656 53.80000924 0 P 0
L 33.25000716 56.20000952 33.55000656 56.20000952 0 P 0
L 33.40000686 8.05000422 33.40000686 8.35000362 0 P 0
L 33.40000686 12.85000478 33.40000686 13.15000418 0 P 0
L 33.40000686 15.25000506 33.40000686 15.55000446 0 P 0
L 33.40000686 17.65000534 33.40000686 17.95000474 0 P 0
L 33.40000686 20.05000562 33.40000686 20.35000502 0 P 0
L 33.40000686 22.4500059 33.40000686 22.7500053 0 P 0
L 33.40000686 24.85000618 33.40000686 25.15000558 0 P 0
L 33.40000686 53.65000954 33.40000686 53.95000894 0 P 0
L 33.40000686 56.05000982 33.40000686 56.35000922 0 P 0
L 33.85000596 2.20000322 34.15000536 2.20000322 0 P 0
L 33.85000596 7.00000378 34.15000536 7.00000378 0 P 0
L 33.85000596 14.20000462 34.15000536 14.20000462 0 P 0
L 33.85000596 16.6000049 34.15000536 16.6000049 0 P 0
L 33.85000596 19.00000518 34.15000536 19.00000518 0 P 0
L 33.85000596 21.40000546 34.15000536 21.40000546 0 P 0
L 33.85000596 23.80000574 34.15000536 23.80000574 0 P 0
L 33.85000596 52.6000091 34.15000536 52.6000091 0 P 0
L 33.85000596 55.00000938 34.15000536 55.00000938 0 P 0
L 33.85000596 57.40000966 34.15000536 57.40000966 0 P 0
L 33.85000596 59.80000994 34.15000536 59.80000994 0 P 0
L 34.00000566 2.05000352 34.00000566 2.35000292 0 P 0
L 34.00000566 6.85000408 34.00000566 7.15000348 0 P 0
L 34.00000566 14.05000492 34.00000566 14.35000432 0 P 0
L 34.00000566 16.4500052 34.00000566 16.7500046 0 P 0
L 34.00000566 18.85000548 34.00000566 19.15000488 0 P 0
L 34.00000566 21.25000576 34.00000566 21.55000516 0 P 0
L 34.00000566 23.65000604 34.00000566 23.95000544 0 P 0
L 34.00000566 52.4500094 34.00000566 52.7500088 0 P 0
L 34.00000566 54.85000968 34.00000566 55.15000908 0 P 0
L 34.00000566 57.25000996 34.00000566 57.55000936 0 P 0
L 34.00000566 59.65001024 34.00000566 59.95000964 0 P 0
L 34.4500073 13.00000448 34.7500067 13.00000448 0 P 0
L 34.4500073 15.40000476 34.7500067 15.40000476 0 P 0
L 34.4500073 17.80000504 34.7500067 17.80000504 0 P 0
L 34.4500073 20.20000532 34.7500067 20.20000532 0 P 0
L 34.4500073 22.6000056 34.7500067 22.6000056 0 P 0
L 34.4500073 25.00000588 34.7500067 25.00000588 0 P 0
L 34.4500073 51.40000896 34.7500067 51.40000896 0 P 0
L 34.4500073 53.80000924 34.7500067 53.80000924 0 P 0
L 34.4500073 56.20000952 34.7500067 56.20000952 0 P 0
L 34.4500073 58.6000098 34.7500067 58.6000098 0 P 0
L 34.47999962 39.95000138 34.77999902 39.95000138 0 P 0
L 34.600007 12.85000478 34.600007 13.15000418 0 P 0
L 34.600007 15.25000506 34.600007 15.55000446 0 P 0
L 34.600007 17.65000534 34.600007 17.95000474 0 P 0
L 34.600007 20.05000562 34.600007 20.35000502 0 P 0
L 34.600007 22.4500059 34.600007 22.7500053 0 P 0
L 34.600007 24.85000618 34.600007 25.15000558 0 P 0
L 34.600007 51.25000926 34.600007 51.55000866 0 P 0
L 34.600007 53.65000954 34.600007 53.95000894 0 P 0
L 34.600007 56.05000982 34.600007 56.35000922 0 P 0
L 34.600007 58.4500101 34.600007 58.7500095 0 P 0
L 34.62999932 39.80000168 34.62999932 40.10000108 0 P 0
L 34.90000132 4.59999842 35.89999932 4.59999842 0 P 0
L 35.0500061 2.20000322 35.3500055 2.20000322 0 P 0
L 35.0500061 14.20000462 35.3500055 14.20000462 0 P 0
L 35.0500061 16.6000049 35.3500055 16.6000049 0 P 0
L 35.0500061 19.00000518 35.3500055 19.00000518 0 P 0
L 35.0500061 21.40000546 35.3500055 21.40000546 0 P 0
L 35.0500061 23.80000574 35.3500055 23.80000574 0 P 0
L 35.0500061 50.20000882 35.3500055 50.20000882 0 P 0
L 35.0500061 52.6000091 35.3500055 52.6000091 0 P 0
L 35.0500061 55.00000938 35.3500055 55.00000938 0 P 0
L 35.0500061 57.40000966 35.3500055 57.40000966 0 P 0
L 35.0500061 59.80000994 35.3500055 59.80000994 0 P 0
L 35.0500061 62.20001022 35.3500055 62.20001022 0 P 0
L 35.20000072 11.20000046 35.59999992 11.20000046 0 P 0
L 35.2000058 2.05000352 35.2000058 2.35000292 0 P 0
L 35.2000058 14.05000492 35.2000058 14.35000432 0 P 0
L 35.2000058 16.4500052 35.2000058 16.7500046 0 P 0
L 35.2000058 18.85000548 35.2000058 19.15000488 0 P 0
L 35.2000058 21.25000576 35.2000058 21.55000516 0 P 0
L 35.2000058 23.65000604 35.2000058 23.95000544 0 P 0
L 35.2000058 50.05000912 35.2000058 50.35000852 0 P 0
L 35.2000058 52.4500094 35.2000058 52.7500088 0 P 0
L 35.2000058 54.85000968 35.2000058 55.15000908 0 P 0
L 35.2000058 57.25000996 35.2000058 57.55000936 0 P 0
L 35.2000058 59.65001024 35.2000058 59.95000964 0 P 0
L 35.2000058 62.05001052 35.2000058 62.35000992 0 P 0
L 35.40000032 4.09999942 35.40000032 5.09999742 0 P 0
L 35.40000032 11.00000086 35.40000032 11.40000006 0 P 0
L 35.65000744 13.00000448 35.95000684 13.00000448 0 P 0
L 35.65000744 15.40000476 35.95000684 15.40000476 0 P 0
L 35.65000744 17.80000504 35.95000684 17.80000504 0 P 0
L 35.65000744 20.20000532 35.95000684 20.20000532 0 P 0
L 35.65000744 22.6000056 35.95000684 22.6000056 0 P 0
L 35.65000744 51.40000896 35.95000684 51.40000896 0 P 0
L 35.65000744 53.80000924 35.95000684 53.80000924 0 P 0
L 35.65000744 61.00001008 35.95000684 61.00001008 0 P 0
L 35.65000744 63.40001036 35.95000684 63.40001036 0 P 0
L 35.80000714 12.85000478 35.80000714 13.15000418 0 P 0
L 35.80000714 15.25000506 35.80000714 15.55000446 0 P 0
L 35.80000714 17.65000534 35.80000714 17.95000474 0 P 0
L 35.80000714 20.05000562 35.80000714 20.35000502 0 P 0
L 35.80000714 22.4500059 35.80000714 22.7500053 0 P 0
L 35.80000714 51.25000926 35.80000714 51.55000866 0 P 0
L 35.80000714 53.65000954 35.80000714 53.95000894 0 P 0
L 35.80000714 60.85001038 35.80000714 61.15000978 0 P 0
L 35.80000714 63.25001066 35.80000714 63.55001006 0 P 0
L 36.25000624 2.20000322 36.55000564 2.20000322 0 P 0
L 36.25000624 7.00000378 36.55000564 7.00000378 0 P 0
L 36.25000624 14.20000462 36.55000564 14.20000462 0 P 0
L 36.25000624 16.6000049 36.55000564 16.6000049 0 P 0
L 36.25000624 19.00000518 36.55000564 19.00000518 0 P 0
L 36.25000624 21.40000546 36.55000564 21.40000546 0 P 0
L 36.25000624 23.80000574 36.55000564 23.80000574 0 P 0
L 36.25000624 50.20000882 36.55000564 50.20000882 0 P 0
L 36.25000624 55.00000938 36.55000564 55.00000938 0 P 0
L 36.40000594 2.05000352 36.40000594 2.35000292 0 P 0
L 36.40000594 6.85000408 36.40000594 7.15000348 0 P 0
L 36.40000594 14.05000492 36.40000594 14.35000432 0 P 0
L 36.40000594 16.4500052 36.40000594 16.7500046 0 P 0
L 36.40000594 18.85000548 36.40000594 19.15000488 0 P 0
L 36.40000594 21.25000576 36.40000594 21.55000516 0 P 0
L 36.40000594 23.65000604 36.40000594 23.95000544 0 P 0
L 36.40000594 50.05000912 36.40000594 50.35000852 0 P 0
L 36.40000594 54.85000968 36.40000594 55.15000908 0 P 0
L 36.85000758 3.40000336 37.15000698 3.40000336 0 P 0
L 36.85000758 49.00000868 37.15000698 49.00000868 0 P 0
L 36.85000758 53.80000924 37.15000698 53.80000924 0 P 0
L 36.85000758 63.40001036 37.15000698 63.40001036 0 P 0
L 37.00000728 3.25000366 37.00000728 3.55000306 0 P 0
L 37.00000728 48.85000898 37.00000728 49.15000838 0 P 0
L 37.00000728 53.65000954 37.00000728 53.95000894 0 P 0
L 37.00000728 63.25001066 37.00000728 63.55001006 0 P 0
L 37.44000132 4.59999842 38.43999932 4.59999842 0 P 0
L 37.45000638 2.20000322 37.75000578 2.20000322 0 P 0
L 37.45000638 45.40000826 37.75000578 45.40000826 0 P 0
L 37.45000638 47.80000854 37.75000578 47.80000854 0 P 0
L 37.45000638 50.20000882 37.75000578 50.20000882 0 P 0
L 37.45000638 55.00000938 37.75000578 55.00000938 0 P 0
L 37.60000608 2.05000352 37.60000608 2.35000292 0 P 0
L 37.60000608 45.25000856 37.60000608 45.55000796 0 P 0
L 37.60000608 47.65000884 37.60000608 47.95000824 0 P 0
L 37.60000608 50.05000912 37.60000608 50.35000852 0 P 0
L 37.60000608 54.85000968 37.60000608 55.15000908 0 P 0
L 37.94000032 4.09999942 37.94000032 5.09999742 0 P 0
L 38.05000772 44.20000812 38.35000712 44.20000812 0 P 0
L 38.05000772 46.6000084 38.35000712 46.6000084 0 P 0
L 38.05000772 49.00000868 38.35000712 49.00000868 0 P 0
L 38.05000772 51.40000896 38.35000712 51.40000896 0 P 0
L 38.05000772 53.80000924 38.35000712 53.80000924 0 P 0
L 38.05000772 63.40001036 38.35000712 63.40001036 0 P 0
L 38.20000742 44.05000842 38.20000742 44.35000782 0 P 0
L 38.20000742 46.4500087 38.20000742 46.7500081 0 P 0
L 38.20000742 48.85000898 38.20000742 49.15000838 0 P 0
L 38.20000742 51.25000926 38.20000742 51.55000866 0 P 0
L 38.20000742 53.65000954 38.20000742 53.95000894 0 P 0
L 38.20000742 63.25001066 38.20000742 63.55001006 0 P 0
L 38.62999894 40.10000108 38.92999834 40.10000108 0 P 0
L 38.65000652 2.20000322 38.95000592 2.20000322 0 P 0
L 38.65000652 45.40000826 38.95000592 45.40000826 0 P 0
L 38.65000652 47.80000854 38.95000592 47.80000854 0 P 0
L 38.65000652 50.20000882 38.95000592 50.20000882 0 P 0
L 38.65000652 52.6000091 38.95000592 52.6000091 0 P 0
L 38.65000652 55.00000938 38.95000592 55.00000938 0 P 0
L 38.65000652 57.40000966 38.95000592 57.40000966 0 P 0
L 38.65000652 59.80000994 38.95000592 59.80000994 0 P 0
L 38.65000652 62.20001022 38.95000592 62.20001022 0 P 0
L 38.77999864 39.95000138 38.77999864 40.25000078 0 P 0
L 38.80000622 2.05000352 38.80000622 2.35000292 0 P 0
L 38.80000622 45.25000856 38.80000622 45.55000796 0 P 0
L 38.80000622 47.65000884 38.80000622 47.95000824 0 P 0
L 38.80000622 50.05000912 38.80000622 50.35000852 0 P 0
L 38.80000622 52.4500094 38.80000622 52.7500088 0 P 0
L 38.80000622 54.85000968 38.80000622 55.15000908 0 P 0
L 38.80000622 57.25000996 38.80000622 57.55000936 0 P 0
L 38.80000622 59.65001024 38.80000622 59.95000964 0 P 0
L 38.80000622 62.05001052 38.80000622 62.35000992 0 P 0
