UNITS=MM
#Layer_Color=16711935
#
#Feature symbol names
#
$0 r99.9998
$1 r199.9996
$2 r127
$3 rect618.70082x2919.99924

#
#Feature attribute names
#

#
#Layer features
#
A 3.29999594 23.80000066 3.29999594 23.80000066 3.19999614 23.80000066 1 P 0 N
A 19.8999983 30.69999956 19.8999983 30.69999956 19.3999993 30.69999956 0 P 0 N
A 22.89999992 55.19999882 22.89999992 55.19999882 22.80000012 55.19999882 1 P 0 N
A 25.9871718 16.78717242 29.52270448 16.78717242 27.75493814 18.55493876 2 P 0 N
A 25.9871718 20.3227051 25.9871718 16.78717242 27.75493814 18.55493876 2 P 0 N
A 34.01283012 21.27729806 34.01283012 24.81283074 32.24506378 23.0450644 2 P 0 N
A 34.01283012 24.81283074 30.47729744 24.81283074 32.24506378 23.0450644 2 P 0 N
L 0.7999984 5.9000009 0.7999984 8.09999904 0 P 0
L 0.7999984 5.9000009 2.19999814 5.9000009 0 P 0
L 0.7999984 8.09999904 2.19999814 8.09999904 0 P 0
L 0.82499962 11.89999906 0.82499962 14.09999974 0 P 0
L 0.82499962 11.89999906 2.17499946 11.89999906 0 P 0
L 0.82499962 14.09999974 2.17499946 14.09999974 0 P 0
L 0.8999982 58.00000084 0.8999982 60.19999898 0 P 0
L 0.8999982 58.00000084 2.69999968 58.00000084 0 P 0
L 0.8999982 60.19999898 2.69999968 60.19999898 0 P 0
L 0.8999982 61.49999892 0.8999982 63.69999706 0 P 0
L 0.8999982 61.49999892 2.29999794 61.49999892 0 P 0
L 0.8999982 63.69999706 2.29999794 63.69999706 0 P 0
L 1.18000018 88.05999914 1.18000018 89.55999868 2 P 0
L 1.79999894 40.7250011 1.79999894 42.07500094 0 P 0
L 1.79999894 40.7250011 3.99999962 40.7250011 0 P 0
L 1.79999894 42.07500094 3.99999962 42.07500094 0 P 0
L 1.79999894 43.62500038 1.79999894 44.97500022 0 P 0
L 1.79999894 43.62500038 3.99999962 43.62500038 0 P 0
L 1.79999894 44.97500022 3.99999962 44.97500022 0 P 0
L 1.80000402 46.09999924 1.80000402 47.49999898 0 P 0
L 1.80000402 46.09999924 4.00000216 46.09999924 0 P 0
L 1.80000402 47.49999898 4.00000216 47.49999898 0 P 0
L 2.17499946 11.89999906 2.17499946 14.09999974 0 P 0
L 2.19999814 5.9000009 2.19999814 8.09999904 0 P 0
L 2.29999794 61.49999892 2.29999794 63.69999706 0 P 0
L 2.69999968 58.00000084 2.69999968 60.19999898 0 P 0
L 3.06500022 13.20000154 3.06500022 16.9450004 0 P 0
L 3.06500022 16.9450004 8.19500012 16.9450004 0 P 0
L 3.08000146 13.1850003 8.19500012 13.1850003 0 P 0
L 3.29999848 61.49999892 3.29999848 63.69999706 0 P 0
L 3.29999848 61.49999892 4.69999822 61.49999892 0 P 0
L 3.29999848 63.69999706 4.69999822 63.69999706 0 P 0
L 3.79999748 24.59999906 3.79999748 26.7999972 0 P 0
L 3.79999748 24.59999906 5.19999722 24.59999906 0 P 0
L 3.79999748 26.7999972 5.19999722 26.7999972 0 P 0
L 3.82499616 26.2999982 3.82499616 28.49999888 0 P 0
L 3.82499616 26.2999982 5.174996 26.2999982 0 P 0
L 3.82499616 28.49999888 5.174996 28.49999888 0 P 0
L 3.99999962 40.7250011 3.99999962 42.07500094 0 P 0
L 3.99999962 43.62500038 3.99999962 44.97500022 0 P 0
L 4.00000216 46.09999924 4.00000216 47.49999898 0 P 0
L 4.49999862 14.29999934 4.49999862 15.69999908 0 P 0
L 4.49999862 14.29999934 6.69999676 14.29999934 0 P 0
L 4.49999862 15.69999908 6.69999676 15.69999908 0 P 0
L 4.69999568 22.09999898 4.69999568 23.49999872 0 P 0
L 4.69999568 22.09999898 6.89999382 22.09999898 0 P 0
L 4.69999568 23.49999872 6.89999382 23.49999872 0 P 0
L 4.69999822 61.49999892 4.69999822 63.69999706 0 P 0
L 4.7000033 19.20000224 4.7000033 20.60000198 0 P 0
L 4.7000033 19.20000224 6.90000144 19.20000224 0 P 0
L 4.7000033 20.60000198 6.90000144 20.60000198 0 P 0
L 4.94999518 21.30000058 4.94999518 24.29999966 2 P 0
L 4.94999518 21.30000058 6.44999726 21.30000058 2 P 0
L 4.94999518 24.29999966 6.44999726 24.29999966 2 P 0
L 5.174996 26.2999982 5.174996 28.49999888 0 P 0
L 5.19999722 24.59999906 5.19999722 26.7999972 0 P 0
L 5.59999896 49.12499954 5.59999896 50.47499938 0 P 0
L 5.59999896 49.12499954 7.79999964 49.12499954 0 P 0
L 5.59999896 50.47499938 7.79999964 50.47499938 0 P 0
L 6.2000003 24.5000018 6.2000003 26.69999994 0 P 0
L 6.2000003 24.5000018 7.60000004 24.5000018 0 P 0
L 6.2000003 26.69999994 7.60000004 26.69999994 0 P 0
L 6.22500406 26.20000094 6.22500406 28.40000162 0 P 0
L 6.22500406 26.20000094 7.5750039 26.20000094 0 P 0
L 6.22500406 28.40000162 7.5750039 28.40000162 0 P 0
L 6.44999726 21.30000058 6.44999726 24.29999966 2 P 0
L 6.69999676 14.29999934 6.69999676 15.69999908 0 P 0
L 6.849999 1.05000044 6.849999 3.94999972 0 P 0
L 6.849999 1.05000044 8.15000148 1.05000044 0 P 0
L 6.849999 2.99999908 7.79999964 3.94999972 0 P 0
L 6.849999 3.94999972 8.15000148 3.94999972 0 P 0
L 6.89999382 22.09999898 6.89999382 23.49999872 0 P 0
L 6.90000144 19.20000224 6.90000144 20.60000198 0 P 0
L 7.0999985 61.23999944 7.0999985 64.15999868 0 P 0
L 7.0999985 61.23999944 11.69999946 61.23999944 0 P 0
L 7.0999985 64.15999868 11.69999946 64.15999868 0 P 0
L 7.5750039 26.20000094 7.5750039 28.40000162 0 P 0
L 7.60000004 24.5000018 7.60000004 26.69999994 0 P 0
L 7.79999964 49.12499954 7.79999964 50.47499938 0 P 0
L 8.15000148 1.05000044 8.15000148 3.94999972 0 P 0
L 8.19500012 13.1850003 8.19500012 16.9450004 0 P 0
L 9.50000132 44.4999999 9.50000132 46.69999804 0 P 0
L 9.50000132 44.4999999 10.90000106 44.4999999 0 P 0
L 9.50000132 46.69999804 10.90000106 46.69999804 0 P 0
L 9.525 35.69999972 9.525 37.9000004 0 P 0
L 9.525 35.69999972 10.87499984 35.69999972 0 P 0
L 9.525 37.9000004 10.87499984 37.9000004 0 P 0
L 9.52500254 44.49999736 9.52500254 46.69999804 0 P 0
L 9.52500254 44.49999736 10.87500238 44.49999736 0 P 0
L 9.52500254 46.69999804 10.87500238 46.69999804 0 P 0
L 9.60000112 55.69999782 9.60000112 57.09999756 0 P 0
L 9.60000112 55.69999782 11.79999926 55.69999782 0 P 0
L 9.60000112 57.09999756 11.79999926 57.09999756 0 P 0
L 9.69999838 39.50000482 9.69999838 41.70000296 0 P 0
L 9.69999838 39.50000482 11.09999812 39.50000482 0 P 0
L 9.69999838 41.70000296 11.09999812 41.70000296 0 P 0
L 9.7249996 39.49999974 9.7249996 41.70000042 0 P 0
L 9.7249996 39.49999974 11.07499944 39.49999974 0 P 0
L 9.7249996 41.70000042 11.07499944 41.70000042 0 P 0
L 9.80000326 32.4999985 9.80000326 33.89999824 0 P 0
L 9.80000326 32.4999985 12.0000014 32.4999985 0 P 0
L 9.80000326 33.89999824 12.0000014 33.89999824 0 P 0
L 10.87499984 35.69999972 10.87499984 37.9000004 0 P 0
L 10.87500238 44.49999736 10.87500238 46.69999804 0 P 0
L 10.90000106 44.4999999 10.90000106 46.69999804 0 P 0
L 11.07499944 39.49999974 11.07499944 41.70000042 0 P 0
L 11.09999812 39.50000482 11.09999812 41.70000296 0 P 0
L 11.69999946 61.23999944 11.69999946 64.15999868 0 P 0
L 11.79999926 55.69999782 11.79999926 57.09999756 0 P 0
L 12.0000014 32.4999985 12.0000014 33.89999824 0 P 0
L 12.80000234 47.80000092 12.80000234 49.99999906 0 P 0
L 12.80000234 47.80000092 14.20000208 47.80000092 0 P 0
L 12.80000234 49.99999906 14.20000208 49.99999906 0 P 0
L 13.00000194 36.9000024 13.00000194 38.30000214 0 P 0
L 13.00000194 36.9000024 15.20000008 36.9000024 0 P 0
L 13.00000194 38.30000214 15.20000008 38.30000214 0 P 0
L 13.17999904 88.80999764 14.67999858 88.80999764 2 P 0
L 13.76759756 22.00103804 14.8989669 23.13240992 0 P 0
L 13.76759756 22.00103804 16.1010473 19.6675883 0 P 0
L 13.93000008 88.05999914 13.93000008 89.55999868 2 P 0
L 14.20000208 47.80000092 14.20000208 49.99999906 0 P 0
L 14.52721504 24.88284076 15.5171648 25.87279052 0 P 0
L 14.52721504 24.88284076 16.0828482 23.3272076 0 P 0
L 14.8989669 23.13240992 17.23241918 20.79895764 0 P 0
L 15.20000008 36.9000024 15.20000008 38.30000214 0 P 0
L 15.5171648 25.87279052 17.07279796 24.31715736 0 P 0
L 15.89999868 2.8250007 15.89999868 4.17500054 0 P 0
L 15.89999868 2.8250007 18.09999936 2.8250007 0 P 0
L 15.89999868 4.17500054 18.09999936 4.17500054 0 P 0
L 16.0828482 23.3272076 17.07279796 24.31715736 0 P 0
L 16.1010473 19.6675883 17.23241918 20.79895764 0 P 0
L 16.50000002 52.19999974 16.50000002 53.59999948 0 P 0
L 16.50000002 52.19999974 18.69999816 52.19999974 0 P 0
L 16.50000002 53.59999948 18.69999816 53.59999948 0 P 0
L 17.52721666 21.9828364 18.51716642 22.97278616 0 P 0
L 17.52721666 21.9828364 19.08284982 20.42720324 0 P 0
L 17.60000036 31.29999836 17.60000036 32.6999981 0 P 0
L 17.60000036 31.29999836 19.7999985 31.29999836 0 P 0
L 17.60000036 32.6999981 19.7999985 32.6999981 0 P 0
L 17.6000029 33.40000178 17.6000029 34.80000152 0 P 0
L 17.6000029 33.40000178 19.80000104 33.40000178 0 P 0
L 17.6000029 34.80000152 19.80000104 34.80000152 0 P 0
L 17.72499884 50.9999996 17.72499884 53.20000028 0 P 0
L 17.72499884 50.9999996 19.07499868 50.9999996 0 P 0
L 17.72499884 53.20000028 19.07499868 53.20000028 0 P 0
L 18.09999936 2.8250007 18.09999936 4.17500054 0 P 0
L 18.1000019 35.99999912 18.1000019 38.19999726 0 P 0
L 18.1000019 35.99999912 19.50000164 35.99999912 0 P 0
L 18.1000019 38.19999726 19.50000164 38.19999726 0 P 0
L 18.5000011 29.80000136 18.5000011 36.80000006 0 P 0
L 18.5000011 29.80000136 25.4999998 29.80000136 0 P 0
L 18.5000011 36.80000006 25.4999998 36.80000006 0 P 0
L 18.51716642 22.97278616 20.07279958 21.417153 0 P 0
L 18.69999816 52.19999974 18.69999816 53.59999948 0 P 0
L 19.07499868 50.9999996 19.07499868 53.20000028 0 P 0
L 19.08284982 20.42720324 20.07279958 21.417153 0 P 0
L 19.10000244 55.40000096 19.10000244 56.8000007 0 P 0
L 19.10000244 55.40000096 21.30000058 55.40000096 0 P 0
L 19.10000244 56.8000007 21.30000058 56.8000007 0 P 0
L 19.30000204 1.39999974 19.30000204 3.59999788 0 P 0
L 19.30000204 1.39999974 20.70000178 1.39999974 0 P 0
L 19.30000204 3.59999788 20.70000178 3.59999788 0 P 0
L 19.50000164 35.99999912 19.50000164 38.19999726 0 P 0
L 19.549999 54.69999982 19.549999 57.6999989 2 P 0
L 19.549999 54.69999982 21.05000108 54.69999982 2 P 0
L 19.549999 57.6999989 21.05000108 57.6999989 2 P 0
L 19.7999985 31.29999836 19.7999985 32.6999981 0 P 0
L 19.80000104 33.40000178 19.80000104 34.80000152 0 P 0
L 20.1999977 36.00000166 20.1999977 38.1999998 0 P 0
L 20.1999977 36.00000166 21.59999744 36.00000166 0 P 0
L 20.1999977 38.1999998 21.59999744 38.1999998 0 P 0
L 20.70000178 1.39999974 20.70000178 3.59999788 0 P 0
L 21.05000108 54.69999982 21.05000108 57.6999989 2 P 0
L 21.30000058 55.40000096 21.30000058 56.8000007 0 P 0
L 21.59999744 36.00000166 21.59999744 38.1999998 0 P 0
L 21.89999938 2.8250007 21.89999938 4.17500054 0 P 0
L 21.89999938 2.8250007 24.10000006 2.8250007 0 P 0
L 21.89999938 4.17500054 24.10000006 4.17500054 0 P 0
L 21.9250006 50.9999996 21.9250006 53.20000028 0 P 0
L 21.9250006 50.9999996 23.27500044 50.9999996 0 P 0
L 21.9250006 53.20000028 23.27500044 53.20000028 0 P 0
L 22.30000112 52.20000228 22.30000112 53.60000202 0 P 0
L 22.30000112 52.20000228 24.49999926 52.20000228 0 P 0
L 22.30000112 53.60000202 24.49999926 53.60000202 0 P 0
L 23.27500044 50.9999996 23.27500044 53.20000028 0 P 0
L 24.06152414 21.35147622 25.0514739 20.36152646 0 P 0
L 24.06152414 21.35147622 25.6171573 22.90710938 0 P 0
L 24.10000006 2.8250007 24.10000006 4.17500054 0 P 0
L 24.49999926 52.20000228 24.49999926 53.60000202 0 P 0
L 25.0514739 20.36152646 26.60710706 21.91715962 0 P 0
L 25.4999998 29.80000136 25.4999998 36.80000006 0 P 0
L 25.6171573 22.90710938 26.60710706 21.91715962 0 P 0
L 25.98716926 20.3227051 30.47729744 24.81283328 2 P 0
L 27.02721036 24.31715736 28.01716012 23.3272076 0 P 0
L 27.02721036 24.31715736 28.58284352 25.87279052 0 P 0
L 28.01716012 23.3272076 29.57279328 24.88284076 0 P 0
L 28.58284352 25.87279052 29.57279328 24.88284076 0 P 0
L 29.52270448 16.78716988 34.01283266 21.27729806 2 P 0
L 29.79999882 42.22500064 29.79999882 43.57500048 0 P 0
L 29.79999882 42.22500064 31.9999995 42.22500064 0 P 0
L 29.79999882 43.57500048 31.9999995 43.57500048 0 P 0
L 29.92499984 46.90000018 29.92499984 49.10000086 0 P 0
L 29.92499984 46.90000018 31.27499968 46.90000018 0 P 0
L 29.92499984 49.10000086 31.27499968 49.10000086 0 P 0
L 31.27499968 46.90000018 31.27499968 49.10000086 0 P 0
L 31.9999995 42.22500064 31.9999995 43.57500048 0 P 0
L 33.69999864 42.22500064 33.69999864 43.57500048 0 P 0
L 33.69999864 42.22500064 35.89999932 42.22500064 0 P 0
L 33.69999864 43.57500048 35.89999932 43.57500048 0 P 0
L 34.20000018 28.4250003 34.20000018 29.77500014 0 P 0
L 34.20000018 28.4250003 36.40000086 28.4250003 0 P 0
L 34.20000018 29.77500014 36.40000086 29.77500014 0 P 0
L 34.20000018 30.72500078 34.20000018 32.07500062 0 P 0
L 34.20000018 30.72500078 36.40000086 30.72500078 0 P 0
L 34.20000018 32.07500062 36.40000086 32.07500062 0 P 0
L 34.20000018 32.92499892 34.20000018 34.27499876 0 P 0
L 34.20000018 32.92499892 36.40000086 32.92499892 0 P 0
L 34.20000018 34.27499876 36.40000086 34.27499876 0 P 0
L 34.20000018 35.1249996 34.20000018 36.47499944 0 P 0
L 34.20000018 35.1249996 36.40000086 35.1249996 0 P 0
L 34.20000018 36.47499944 36.40000086 36.47499944 0 P 0
L 34.20000018 46.02500066 34.20000018 47.3750005 0 P 0
L 34.20000018 46.02500066 36.40000086 46.02500066 0 P 0
L 34.20000018 47.3750005 36.40000086 47.3750005 0 P 0
L 34.7250004 9.29999918 34.7250004 11.49999986 0 P 0
L 34.7250004 9.29999918 36.07500024 9.29999918 0 P 0
L 34.7250004 11.49999986 36.07500024 11.49999986 0 P 0
L 35.89999932 42.22500064 35.89999932 43.57500048 0 P 0
L 35.90000186 39.79999914 35.90000186 41.19999888 0 P 0
L 35.90000186 39.79999914 38.1 39.79999914 0 P 0
L 35.90000186 41.19999888 38.1 41.19999888 0 P 0
L 35.90000186 42.19999942 35.90000186 43.59999916 0 P 0
L 35.90000186 42.19999942 38.1 42.19999942 0 P 0
L 35.90000186 43.59999916 38.1 43.59999916 0 P 0
L 36.07500024 9.29999918 36.07500024 11.49999986 0 P 0
L 36.40000086 28.4250003 36.40000086 29.77500014 0 P 0
L 36.40000086 30.72500078 36.40000086 32.07500062 0 P 0
L 36.40000086 32.92499892 36.40000086 34.27499876 0 P 0
L 36.40000086 35.1249996 36.40000086 36.47499944 0 P 0
L 36.40000086 46.02500066 36.40000086 47.3750005 0 P 0
L 36.40000086 59.30000332 36.40000086 61.50000146 0 P 0
L 36.40000086 59.30000332 37.8000006 59.30000332 0 P 0
L 36.40000086 61.50000146 37.8000006 61.50000146 0 P 0
L 37.8000006 59.30000332 37.8000006 61.50000146 0 P 0
L 38.1 39.79999914 38.1 41.19999888 0 P 0
L 38.1 42.19999942 38.1 43.59999916 0 P 0
P 7.40927144 62.69989746 3 P 0 0
