UNITS=MM
#Layer_Color=32768
#
#Feature symbol names
#
$0 r49.9999
$1 r99.9998

#
#Feature attribute names
#

#
#Layer features
#
A 25.63361904 20.3227051 25.63361904 16.78717242 27.40138538 18.55493876 0 P 0 N
A 25.9871718 16.43361966 29.52270448 16.43361966 27.75493814 18.201386 0 P 0 N
A 34.01283012 25.1663835 30.47729744 25.1663835 32.24506378 23.39861716 0 P 0 N
A 34.36638288 21.27729806 34.36638288 24.81283074 32.59861654 23.0450644 0 P 0 N
L 0.5499989 5.29999956 0.5499989 8.70000038 0 P 0
L 0.5499989 5.29999956 2.44999764 5.29999956 0 P 0
L 0.5499989 8.70000038 2.44999764 8.70000038 0 P 0
L 0.5499989 11.29999772 0.5499989 14.69999854 0 P 0
L 0.5499989 11.29999772 2.45000018 11.29999772 0 P 0
L 0.5499989 14.69999854 2.45000018 14.69999854 0 P 0
L 0.5999988 57.70000144 0.5999988 60.50000092 0 P 0
L 0.5999988 57.70000144 2.99999908 57.70000144 0 P 0
L 0.5999988 60.50000092 2.99999908 60.50000092 0 P 0
L 0.6499987 60.89999758 0.6499987 64.2999984 0 P 0
L 0.6499987 60.89999758 2.54999744 60.89999758 0 P 0
L 0.6499987 64.2999984 2.54999744 64.2999984 0 P 0
L 0.999998 7.00000124 1.99999854 7.00000124 1 P 0
L 1.00000054 12.9999994 1.99999854 12.9999994 1 P 0
L 1.0999978 62.59999926 2.09999834 62.59999926 1 P 0
L 1.1999976 40.45000038 1.1999976 42.35000166 0 P 0
L 1.1999976 40.45000038 4.59999842 40.45000038 0 P 0
L 1.1999976 42.35000166 4.59999842 42.35000166 0 P 0
L 1.1999976 43.34999966 1.1999976 45.25000094 0 P 0
L 1.1999976 43.34999966 4.59999842 43.34999966 0 P 0
L 1.1999976 45.25000094 4.59999842 45.25000094 0 P 0
L 1.20000268 45.84999974 1.20000268 47.74999848 0 P 0
L 1.20000268 45.84999974 4.6000035 45.84999974 0 P 0
L 1.20000268 47.74999848 4.6000035 47.74999848 0 P 0
L 1.2999974 59.10000118 2.29999794 59.10000118 1 P 0
L 1.49999954 6.4999997 1.49999954 7.50000024 1 P 0
L 1.49999954 12.49999786 1.49999954 13.4999984 1 P 0
L 1.59999934 62.09999772 1.59999934 63.09999826 1 P 0
L 1.79999894 58.59999964 1.79999894 59.60000018 1 P 0
L 2.39999774 41.40000102 3.39999828 41.40000102 1 P 0
L 2.39999774 44.3000003 3.39999828 44.3000003 1 P 0
L 2.40000282 46.80000038 3.40000336 46.80000038 1 P 0
L 2.44999764 5.29999956 2.44999764 8.70000038 0 P 0
L 2.45000018 11.29999772 2.45000018 14.69999854 0 P 0
L 2.54999744 60.89999758 2.54999744 64.2999984 0 P 0
L 2.80000202 11.35000016 2.80000202 18.8000005 1 P 0
L 2.80000202 11.35000016 8.30000118 11.35000016 1 P 0
L 2.80000202 18.8000005 8.55000068 18.8000005 1 P 0
L 2.89999928 40.90000202 2.89999928 41.90000002 1 P 0
L 2.89999928 43.8000013 2.89999928 44.7999993 1 P 0
L 2.90000182 46.29999884 2.90000182 47.29999938 1 P 0
L 2.99999908 57.70000144 2.99999908 60.50000092 0 P 0
L 3.04999898 60.89999758 3.04999898 64.2999984 0 P 0
L 3.04999898 60.89999758 4.94999772 60.89999758 0 P 0
L 3.04999898 64.2999984 4.94999772 64.2999984 0 P 0
L 3.49999808 62.59999926 4.49999862 62.59999926 1 P 0
L 3.54999544 25.69999686 3.54999544 29.09999768 0 P 0
L 3.54999544 25.69999686 5.44999672 25.69999686 0 P 0
L 3.54999544 29.09999768 5.44999672 29.09999768 0 P 0
L 3.54999798 23.99999772 3.54999798 27.39999854 0 P 0
L 3.54999798 23.99999772 5.44999672 23.99999772 0 P 0
L 3.54999798 27.39999854 5.44999672 27.39999854 0 P 0
L 3.59499662 21.31000056 3.59499662 24.28999968 0 P 0
L 3.59499662 21.31000056 4.69999568 21.31000056 0 P 0
L 3.59499662 24.28999968 4.69999568 24.28999968 0 P 0
L 3.89999728 14.04999984 3.89999728 15.94999858 0 P 0
L 3.89999728 14.04999984 7.2999981 14.04999984 0 P 0
L 3.89999728 15.94999858 7.2999981 15.94999858 0 P 0
L 3.99999708 25.6999994 4.99999762 25.6999994 1 P 0
L 3.99999708 27.39999854 4.99999508 27.39999854 1 P 0
L 3.99999962 62.09999772 3.99999962 63.09999826 1 P 0
L 4.09999434 21.84999948 4.09999434 23.74999822 0 P 0
L 4.09999434 21.84999948 7.49999516 21.84999948 0 P 0
L 4.09999434 23.74999822 7.49999516 23.74999822 0 P 0
L 4.10000196 18.95000274 4.10000196 20.85000148 0 P 0
L 4.10000196 18.95000274 7.50000278 18.95000274 0 P 0
L 4.10000196 20.85000148 7.50000278 20.85000148 0 P 0
L 4.49999608 25.19999786 4.49999608 26.1999984 1 P 0
L 4.49999608 26.899997 4.49999608 27.89999754 1 P 0
L 4.59999842 40.45000038 4.59999842 42.35000166 0 P 0
L 4.59999842 43.34999966 4.59999842 45.25000094 0 P 0
L 4.6000035 45.84999974 4.6000035 47.74999848 0 P 0
L 4.69999568 21.05000108 4.69999568 21.31000056 0 P 0
L 4.69999568 21.05000108 6.69999676 21.05000108 0 P 0
L 4.69999568 24.28999968 4.69999568 24.54999916 0 P 0
L 4.69999568 24.54999916 6.69999676 24.54999916 0 P 0
L 4.94999772 60.89999758 4.94999772 64.2999984 0 P 0
L 4.99999762 48.84999882 4.99999762 50.7500001 0 P 0
L 4.99999762 48.84999882 8.39999844 48.84999882 0 P 0
L 4.99999762 50.7500001 8.39999844 50.7500001 0 P 0
L 5.09999742 15.00000048 6.09999796 15.00000048 1 P 0
L 5.29999448 22.80000012 6.29999502 22.80000012 1 P 0
L 5.3000021 19.90000084 6.30000264 19.90000084 1 P 0
L 5.44999672 23.99999772 5.44999672 27.39999854 0 P 0
L 5.44999672 25.69999686 5.44999672 29.09999768 0 P 0
L 5.59999896 14.49999894 5.59999896 15.49999948 1 P 0
L 5.62500018 0.75000104 5.62500018 4.24999912 0 P 0
L 5.62500018 0.75000104 9.3750003 0.75000104 0 P 0
L 5.62500018 4.24999912 9.3750003 4.24999912 0 P 0
L 5.79999602 22.29999858 5.79999602 23.29999912 1 P 0
L 5.8000011 19.40000184 5.8000011 20.40000238 1 P 0
L 5.84399898 60.95000002 5.84399898 64.4499981 0 P 0
L 5.84399898 60.95000002 12.95599898 60.95000002 0 P 0
L 5.84399898 64.4499981 12.95599898 64.4499981 0 P 0
L 5.9500008 23.90000046 5.9500008 27.30000128 0 P 0
L 5.9500008 23.90000046 7.84999954 23.90000046 0 P 0
L 5.9500008 27.30000128 7.84999954 27.30000128 0 P 0
L 5.95000334 25.5999996 5.95000334 29.00000042 0 P 0
L 5.95000334 25.5999996 7.85000462 25.5999996 0 P 0
L 5.95000334 29.00000042 7.85000462 29.00000042 0 P 0
L 6.19999776 49.79999946 7.1999983 49.79999946 1 P 0
L 6.3999999 25.60000214 7.40000044 25.60000214 1 P 0
L 6.40000498 27.30000128 7.40000298 27.30000128 1 P 0
L 6.69999676 21.05000108 6.69999676 21.31000056 0 P 0
L 6.69999676 21.31000056 7.80499582 21.31000056 0 P 0
L 6.69999676 24.28999968 6.69999676 24.54999916 0 P 0
L 6.69999676 24.28999968 7.80499582 24.28999968 0 P 0
L 6.6999993 49.30000046 6.6999993 50.29999846 1 P 0
L 6.8999989 25.1000006 6.8999989 26.10000114 1 P 0
L 6.90000398 26.79999974 6.90000398 27.80000028 1 P 0
L 7.2999981 14.04999984 7.2999981 15.94999858 0 P 0
L 7.49999516 21.84999948 7.49999516 23.74999822 0 P 0
L 7.50000278 18.95000274 7.50000278 20.85000148 0 P 0
L 7.80499582 21.31000056 7.80499582 24.28999968 0 P 0
L 7.84999954 23.90000046 7.84999954 27.30000128 0 P 0
L 7.85000462 25.5999996 7.85000462 29.00000042 0 P 0
L 8.30000118 11.35000016 8.55000068 11.35000016 1 P 0
L 8.39999844 48.84999882 8.39999844 50.7500001 0 P 0
L 8.55000068 11.35000016 8.55000068 18.8000005 1 P 0
L 8.89999744 62.69999906 9.89999798 62.69999906 1 P 0
L 8.99999978 55.44999832 8.99999978 57.34999706 0 P 0
L 8.99999978 55.44999832 12.4000006 55.44999832 0 P 0
L 8.99999978 57.34999706 12.4000006 57.34999706 0 P 0
L 9.20000192 32.249999 9.20000192 34.14999774 0 P 0
L 9.20000192 32.249999 12.60000274 32.249999 0 P 0
L 9.20000192 34.14999774 12.60000274 34.14999774 0 P 0
L 9.24999928 35.09999838 9.24999928 38.4999992 0 P 0
L 9.24999928 35.09999838 11.15000056 35.09999838 0 P 0
L 9.24999928 38.4999992 11.15000056 38.4999992 0 P 0
L 9.25000182 43.89999856 9.25000182 47.29999938 0 P 0
L 9.25000182 43.89999856 9.25000182 47.29999938 0 P 0
L 9.25000182 43.89999856 11.15000056 43.89999856 0 P 0
L 9.25000182 43.89999856 11.1500031 43.89999856 0 P 0
L 9.25000182 47.29999938 11.15000056 47.29999938 0 P 0
L 9.25000182 47.29999938 11.1500031 47.29999938 0 P 0
L 9.3750003 0.75000104 9.3750003 4.24999912 0 P 0
L 9.39999898 62.20000006 9.39999898 63.2000006 1 P 0
L 9.44999888 38.8999984 9.44999888 42.29999922 0 P 0
L 9.44999888 38.8999984 11.35000016 38.8999984 0 P 0
L 9.44999888 38.90000348 9.44999888 42.3000043 0 P 0
L 9.44999888 38.90000348 11.34999762 38.90000348 0 P 0
L 9.44999888 42.29999922 11.35000016 42.29999922 0 P 0
L 9.44999888 42.3000043 11.34999762 42.3000043 0 P 0
L 9.70000092 36.80000006 10.69999892 36.80000006 1 P 0
L 9.70000092 45.60000024 10.70000146 45.60000024 1 P 0
L 9.70000346 45.5999977 10.70000146 45.5999977 1 P 0
L 9.89999798 40.60000262 10.89999852 40.60000262 1 P 0
L 9.90000052 40.60000008 10.89999852 40.60000008 1 P 0
L 10.19999992 36.29999852 10.19999992 37.29999906 1 P 0
L 10.19999992 56.39999896 11.20000046 56.39999896 1 P 0
L 10.20000246 45.0999987 10.20000246 46.09999924 1 P 0
L 10.20000246 45.0999987 10.20000246 46.09999924 1 P 0
L 10.39999952 40.09999854 10.39999952 41.09999908 1 P 0
L 10.39999952 40.10000362 10.39999952 41.10000416 1 P 0
L 10.40000206 33.19999964 11.4000026 33.19999964 1 P 0
L 10.69999892 55.89999742 10.69999892 56.89999796 1 P 0
L 10.90000106 32.6999981 10.90000106 33.69999864 1 P 0
L 11.15000056 35.09999838 11.15000056 38.4999992 0 P 0
L 11.15000056 43.89999856 11.15000056 47.29999938 0 P 0
L 11.1500031 43.89999856 11.1500031 47.29999938 0 P 0
L 11.34999762 38.90000348 11.34999762 42.3000043 0 P 0
L 11.35000016 38.8999984 11.35000016 42.29999922 0 P 0
L 12.4000006 36.6500029 12.4000006 38.55000164 0 P 0
L 12.4000006 36.6500029 15.80000142 36.6500029 0 P 0
L 12.4000006 38.55000164 15.80000142 38.55000164 0 P 0
L 12.4000006 55.44999832 12.4000006 57.34999706 0 P 0
L 12.55000284 47.19999958 12.55000284 50.6000004 0 P 0
L 12.55000284 47.19999958 14.45000158 47.19999958 0 P 0
L 12.55000284 50.6000004 14.45000158 50.6000004 0 P 0
L 12.60000274 32.249999 12.60000274 34.14999774 0 P 0
L 12.72461514 22.0540707 14.84593424 24.1753898 0 P 0
L 12.72461514 22.0540707 16.15407996 18.62460588 0 P 0
L 12.95599898 60.95000002 12.95599898 64.4499981 0 P 0
L 13.00000194 48.90000126 14.00000248 48.90000126 1 P 0
L 13.50000094 48.39999972 13.50000094 49.40000026 1 P 0
L 13.60000074 37.600001 14.60000128 37.600001 1 P 0
L 13.92617484 25.1303282 15.26967482 26.47383072 0 P 0
L 13.92617484 25.1303282 16.33033818 22.72616486 0 P 0
L 14.09999974 37.100002 14.09999974 38.10000254 1 P 0
L 14.45000158 47.19999958 14.45000158 50.6000004 0 P 0
L 14.84593424 24.1753898 18.27539906 20.74592498 0 P 0
L 15.14645434 21.04644508 15.8535624 21.75355314 1 P 0
L 15.14645434 21.7535506 15.85355986 21.04644508 1 P 0
L 15.26967482 26.47383072 17.67383816 24.06966738 0 P 0
L 15.29999734 2.54999998 15.29999734 4.45000126 0 P 0
L 15.29999734 2.54999998 18.69999816 2.54999998 0 P 0
L 15.29999734 4.45000126 18.69999816 4.45000126 0 P 0
L 15.4464512 24.95355182 16.15355926 24.24644376 1 P 0
L 15.44645374 24.24644376 16.1535618 24.95355182 1 P 0
L 15.80000142 36.6500029 15.80000142 38.55000164 0 P 0
L 15.89999868 51.95000024 15.89999868 53.84999898 0 P 0
L 15.89999868 51.95000024 19.2999995 51.95000024 0 P 0
L 15.89999868 53.84999898 19.2999995 53.84999898 0 P 0
L 16.15407996 18.62460588 18.27539906 20.74592498 0 P 0
L 16.33033818 22.72616486 17.67383816 24.06966738 0 P 0
L 16.49999748 3.50000062 17.49999802 3.50000062 1 P 0
L 16.79999942 28.09999968 16.79999942 38.4999992 0 P 0
L 16.79999942 28.09999968 27.19999894 28.09999968 0 P 0
L 16.79999942 38.4999992 27.19999894 38.4999992 0 P 0
L 16.92617646 22.23032638 18.26967644 23.5738289 0 P 0
L 16.92617646 22.23032638 19.3303398 19.82616304 0 P 0
L 16.99999902 3.00000162 16.99999902 3.99999962 1 P 0
L 16.99999902 31.04999886 16.99999902 32.9499976 0 P 0
L 16.99999902 31.04999886 20.39999984 31.04999886 0 P 0
L 16.99999902 32.9499976 20.39999984 32.9499976 0 P 0
L 17.00000156 33.15000228 17.00000156 35.05000102 0 P 0
L 17.00000156 33.15000228 20.40000238 33.15000228 0 P 0
L 17.00000156 35.05000102 20.40000238 35.05000102 0 P 0
L 17.09999882 52.90000088 18.09999936 52.90000088 1 P 0
L 17.44999812 50.4000008 17.44999812 53.80000162 0 P 0
L 17.44999812 50.4000008 19.3499994 50.4000008 0 P 0
L 17.44999812 53.80000162 19.3499994 53.80000162 0 P 0
L 17.60000036 52.39999934 17.60000036 53.39999988 1 P 0
L 17.8500024 35.39999778 17.8500024 38.7999986 0 P 0
L 17.8500024 35.39999778 19.75000114 35.39999778 0 P 0
L 17.8500024 38.7999986 19.75000114 38.7999986 0 P 0
L 17.89999976 52.09999994 18.89999776 52.09999994 1 P 0
L 18.19500044 54.7099998 18.19500044 57.68999892 0 P 0
L 18.19500044 54.7099998 19.2999995 54.7099998 0 P 0
L 18.19500044 57.68999892 19.2999995 57.68999892 0 P 0
L 18.19999916 31.9999995 19.1999997 31.9999995 1 P 0
L 18.2000017 34.10000038 19.20000224 34.10000038 1 P 0
L 18.26967644 23.5738289 20.67383978 21.16966556 0 P 0
L 18.3000015 37.09999946 19.30000204 37.09999946 1 P 0
L 18.39999876 51.60000094 18.39999876 52.60000148 1 P 0
L 18.44645282 21.34644194 19.15356088 22.05355 1 P 0
L 18.44645536 22.05355 19.15356342 21.34644194 1 P 0
L 18.5000011 55.15000146 18.5000011 57.0500002 0 P 0
L 18.5000011 55.15000146 21.90000192 55.15000146 0 P 0
L 18.5000011 57.0500002 21.90000192 57.0500002 0 P 0
L 18.69999816 2.54999998 18.69999816 4.45000126 0 P 0
L 18.7000007 31.49999796 18.7000007 32.4999985 1 P 0
L 18.7000007 33.60000138 18.7000007 34.60000192 1 P 0
L 18.8000005 36.59999792 18.8000005 37.59999846 1 P 0
L 19.05000254 0.7999984 19.05000254 4.19999922 0 P 0
L 19.05000254 0.7999984 20.95000128 0.7999984 0 P 0
L 19.05000254 4.19999922 20.95000128 4.19999922 0 P 0
L 19.2999995 51.95000024 19.2999995 53.84999898 0 P 0
L 19.2999995 54.45000032 19.2999995 54.7099998 0 P 0
L 19.2999995 54.45000032 21.30000058 54.45000032 0 P 0
L 19.2999995 57.68999892 19.2999995 57.9499984 0 P 0
L 19.2999995 57.9499984 21.30000058 57.9499984 0 P 0
L 19.3303398 19.82616304 20.67383978 21.16966556 0 P 0
L 19.3499994 50.4000008 19.3499994 53.80000162 0 P 0
L 19.50000164 2.50000008 20.50000218 2.50000008 1 P 0
L 19.70000124 56.09999956 20.70000178 56.09999956 1 P 0
L 19.75000114 35.39999778 19.75000114 38.7999986 0 P 0
L 19.9499982 35.40000032 19.9499982 38.80000114 0 P 0
L 19.9499982 35.40000032 21.84999694 35.40000032 0 P 0
L 19.9499982 38.80000114 21.84999694 38.80000114 0 P 0
L 20.00000064 1.99999854 20.00000064 2.99999908 1 P 0
L 20.20000024 55.60000056 20.20000024 56.6000011 1 P 0
L 20.3999973 37.09999946 21.39999784 37.09999946 1 P 0
L 20.39999984 31.04999886 20.39999984 32.9499976 0 P 0
L 20.40000238 33.15000228 20.40000238 35.05000102 0 P 0
L 20.89999884 36.60000046 20.89999884 37.600001 1 P 0
L 20.95000128 0.7999984 20.95000128 4.19999922 0 P 0
L 21.30000058 2.54999998 21.30000058 4.45000126 0 P 0
L 21.30000058 2.54999998 24.7000014 2.54999998 0 P 0
L 21.30000058 4.45000126 24.7000014 4.45000126 0 P 0
L 21.30000058 54.45000032 21.30000058 54.7099998 0 P 0
L 21.30000058 54.7099998 22.40499964 54.7099998 0 P 0
L 21.30000058 57.68999892 21.30000058 57.9499984 0 P 0
L 21.30000058 57.68999892 22.40499964 57.68999892 0 P 0
L 21.50000018 33.29999944 22.50000072 33.29999944 1 P 0
L 21.64999988 50.4000008 21.64999988 53.80000162 0 P 0
L 21.64999988 50.4000008 23.55000116 50.4000008 0 P 0
L 21.64999988 53.80000162 23.55000116 53.80000162 0 P 0
L 21.69999978 51.95000278 21.69999978 53.85000152 0 P 0
L 21.69999978 51.95000278 25.1000006 51.95000278 0 P 0
L 21.69999978 53.85000152 25.1000006 53.85000152 0 P 0
L 21.84999694 35.40000032 21.84999694 38.80000114 0 P 0
L 21.90000192 55.15000146 21.90000192 57.0500002 0 P 0
L 21.99999918 32.80000044 21.99999918 33.80000098 1 P 0
L 22.10000152 52.09999994 23.09999952 52.09999994 1 P 0
L 22.40499964 54.7099998 22.40499964 57.68999892 0 P 0
L 22.50000072 3.50000062 23.50000126 3.50000062 1 P 0
L 22.60000052 51.60000094 22.60000052 52.60000148 1 P 0
L 22.89999992 52.90000088 23.90000046 52.90000088 1 P 0
L 22.99999972 3.00000162 22.99999972 3.99999962 1 P 0
L 23.39999892 52.40000188 23.39999892 53.40000242 1 P 0
L 23.46048394 21.10398624 24.80398646 19.76048626 0 P 0
L 23.46048394 21.10398624 25.86464728 23.50814958 0 P 0
L 23.55000116 50.4000008 23.55000116 53.80000162 0 P 0
L 24.7000014 2.54999998 24.7000014 4.45000126 0 P 0
L 24.80398646 19.76048626 27.2081498 22.1646496 0 P 0
L 24.98076284 21.28076262 25.6878709 21.98787068 1 P 0
L 24.98076284 21.98787322 25.6878709 21.28076516 1 P 0
L 25.1000006 51.95000278 25.1000006 53.85000152 0 P 0
L 25.6336165 16.78716988 25.98716926 16.43361712 0 P 0
L 25.6336165 20.3227051 30.47729744 25.16638604 0 P 0
L 25.86464728 23.50814958 27.2081498 22.1646496 0 P 0
L 26.42616762 24.06966738 27.76967014 22.7261674 0 P 0
L 26.42616762 24.06966738 28.83033096 26.47383072 0 P 0
L 27.19999894 28.09999968 27.19999894 38.4999992 0 P 0
L 27.76967014 22.7261674 30.17383348 25.13033074 0 P 0
L 27.94644652 24.2464463 28.65355458 24.95355436 1 P 0
L 27.94644652 24.95355182 28.65355458 24.24644376 1 P 0
L 28.83033096 26.47383072 30.17383348 25.13033074 0 P 0
L 29.19999748 41.94999992 29.19999748 43.8500012 0 P 0
L 29.19999748 41.94999992 32.5999983 41.94999992 0 P 0
L 29.19999748 43.8500012 32.5999983 43.8500012 0 P 0
L 29.52270448 16.43361712 34.36638542 21.27729806 0 P 0
L 29.64999912 46.30000138 29.64999912 49.7000022 0 P 0
L 29.64999912 46.30000138 31.5500004 46.30000138 0 P 0
L 29.64999912 49.7000022 31.5500004 49.7000022 0 P 0
L 30.10000076 48.00000052 31.09999876 48.00000052 1 P 0
L 30.39999762 42.90000056 31.39999816 42.90000056 1 P 0
L 30.59999976 47.50000152 30.59999976 48.50000206 1 P 0
L 30.89999916 42.40000156 30.89999916 43.39999956 1 P 0
L 31.5500004 46.30000138 31.5500004 49.7000022 0 P 0
L 32.5999983 41.94999992 32.5999983 43.8500012 0 P 0
L 33.0999973 41.94999992 33.0999973 43.8500012 0 P 0
L 33.0999973 41.94999992 36.49999812 41.94999992 0 P 0
L 33.0999973 43.8500012 36.49999812 43.8500012 0 P 0
L 33.59999884 45.74999994 33.59999884 47.65000122 0 P 0
L 33.59999884 45.74999994 36.99999966 45.74999994 0 P 0
L 33.59999884 47.65000122 36.99999966 47.65000122 0 P 0
L 33.60000138 28.14999958 33.60000138 30.05000086 0 P 0
L 33.60000138 28.14999958 37.0000022 28.14999958 0 P 0
L 33.60000138 30.05000086 37.0000022 30.05000086 0 P 0
L 33.60000138 30.45000006 33.60000138 32.35000134 0 P 0
L 33.60000138 30.45000006 37.0000022 30.45000006 0 P 0
L 33.60000138 32.35000134 37.0000022 32.35000134 0 P 0
L 33.60000138 32.6499982 33.60000138 34.54999948 0 P 0
L 33.60000138 32.6499982 37.0000022 32.6499982 0 P 0
L 33.60000138 34.54999948 37.0000022 34.54999948 0 P 0
L 33.60000138 34.84999888 33.60000138 36.75000016 0 P 0
L 33.60000138 34.84999888 37.0000022 34.84999888 0 P 0
L 33.60000138 36.75000016 37.0000022 36.75000016 0 P 0
L 34.01283266 25.16638604 34.36638542 24.81283328 0 P 0
L 34.29999744 42.90000056 35.29999798 42.90000056 1 P 0
L 34.44999968 8.70000038 34.44999968 12.1000012 0 P 0
L 34.44999968 8.70000038 36.35000096 8.70000038 0 P 0
L 34.44999968 12.1000012 36.35000096 12.1000012 0 P 0
L 34.79999898 42.40000156 34.79999898 43.39999956 1 P 0
L 34.79999898 46.70000058 35.79999952 46.70000058 1 P 0
L 34.80000152 29.10000022 35.80000206 29.10000022 1 P 0
L 34.80000152 31.4000007 35.80000206 31.4000007 1 P 0
L 34.80000152 33.59999884 35.80000206 33.59999884 1 P 0
L 34.80000152 35.79999952 35.80000206 35.79999952 1 P 0
L 34.90000132 10.39999952 35.89999932 10.39999952 1 P 0
L 35.30000052 28.60000122 35.30000052 29.59999922 1 P 0
L 35.30000052 30.9000017 35.30000052 31.8999997 1 P 0
L 35.30000052 33.09999984 35.30000052 34.09999784 1 P 0
L 35.30000052 35.30000052 35.30000052 36.29999852 1 P 0
L 35.30000052 39.54999964 35.30000052 41.44999838 0 P 0
L 35.30000052 39.54999964 38.70000134 39.54999964 0 P 0
L 35.30000052 41.44999838 38.70000134 41.44999838 0 P 0
L 35.30000052 41.94999992 35.30000052 43.84999866 0 P 0
L 35.30000052 41.94999992 38.70000134 41.94999992 0 P 0
L 35.30000052 43.84999866 38.70000134 43.84999866 0 P 0
L 35.30000052 46.20000158 35.30000052 47.19999958 1 P 0
L 35.40000032 9.90000052 35.40000032 10.90000106 1 P 0
L 36.15000136 58.70000198 36.15000136 62.1000028 0 P 0
L 36.15000136 58.70000198 38.0500001 58.70000198 0 P 0
L 36.15000136 62.1000028 38.0500001 62.1000028 0 P 0
L 36.35000096 8.70000038 36.35000096 12.1000012 0 P 0
L 36.49999812 41.94999992 36.49999812 43.8500012 0 P 0
L 36.50000066 40.50000028 37.5000012 40.50000028 1 P 0
L 36.50000066 42.90000056 37.5000012 42.90000056 1 P 0
L 36.60000046 60.40000112 37.600001 60.40000112 1 P 0
L 36.99999966 39.99999874 36.99999966 40.99999928 1 P 0
L 36.99999966 42.39999902 36.99999966 43.39999956 1 P 0
L 36.99999966 45.74999994 36.99999966 47.65000122 0 P 0
L 37.0000022 28.14999958 37.0000022 30.05000086 0 P 0
L 37.0000022 30.45000006 37.0000022 32.35000134 0 P 0
L 37.0000022 32.6499982 37.0000022 34.54999948 0 P 0
L 37.0000022 34.84999888 37.0000022 36.75000016 0 P 0
L 37.09999946 59.90000212 37.09999946 60.90000266 1 P 0
L 38.0500001 58.70000198 38.0500001 62.1000028 0 P 0
L 38.70000134 39.54999964 38.70000134 41.44999838 0 P 0
L 38.70000134 41.94999992 38.70000134 43.84999866 0 P 0
