UNITS=MM
#Layer_Color=9474304
#
#Feature symbol names
#
$0 r127

#
#Feature attribute names
#

#
#Layer features
#
L 5.0000027 17.75000006 5.63479696 17.75000006 0 P 0
L 5.0000027 18.38479432 5.63479696 18.38479432 0 P 0
L 5.0000027 19.01958858 5.0000027 17.75000006 0 P 0
L 5.63479696 17.75000006 5.84639674 17.9615973 0 P 0
L 5.63479696 18.38479432 5.0000027 18.38479432 0 P 0
L 5.63479696 18.38479432 5.84639674 18.5963941 0 P 0
L 5.63479696 19.01958858 5.0000027 19.01958858 0 P 0
L 5.84639674 17.9615973 5.84639674 18.17319708 0 P 0
L 5.84639674 18.17319708 5.63479696 18.38479432 0 P 0
L 5.84639674 18.5963941 5.84639674 18.80799134 0 P 0
L 5.84639674 18.80799134 5.63479696 19.01958858 0 P 0
L 5.9500008 41.40000102 6.58479506 41.40000102 0 P 0
L 5.9500008 42.03479528 6.58479506 42.03479528 0 P 0
L 5.9500008 42.66958954 5.9500008 41.40000102 0 P 0
L 6.58479506 41.40000102 6.79639484 41.61159826 0 P 0
L 6.58479506 42.03479528 5.9500008 42.03479528 0 P 0
L 6.58479506 42.03479528 6.79639484 42.24639506 0 P 0
L 6.58479506 42.66958954 5.9500008 42.66958954 0 P 0
L 6.79639484 41.61159826 6.79639484 41.82319804 0 P 0
L 6.79639484 41.82319804 6.58479506 42.03479528 0 P 0
L 6.79639484 42.24639506 6.79639484 42.4579923 0 P 0
L 6.79639484 42.4579923 6.58479506 42.66958954 0 P 0
L 30.59999976 47.41159682 30.811597 47.19999958 0 P 0
L 30.59999976 48.25799086 30.59999976 47.41159682 0 P 0
L 30.59999976 48.79999892 31.23479402 48.79999892 0 P 0
L 30.59999976 49.43479318 31.23479402 49.43479318 0 P 0
L 30.59999976 50.06958744 30.59999976 48.79999892 0 P 0
L 30.811597 47.19999958 31.23479402 47.19999958 0 P 0
L 30.811597 48.4695881 30.59999976 48.25799086 0 P 0
L 31.23479402 47.19999958 31.4463938 47.41159682 0 P 0
L 31.23479402 48.4695881 30.811597 48.4695881 0 P 0
L 31.23479402 48.79999892 31.4463938 49.01159616 0 P 0
L 31.23479402 49.43479318 30.59999976 49.43479318 0 P 0
L 31.23479402 49.43479318 31.4463938 49.64639296 0 P 0
L 31.23479402 50.06958744 30.59999976 50.06958744 0 P 0
L 31.4463938 48.25799086 31.23479402 48.4695881 0 P 0
L 31.4463938 49.01159616 31.4463938 49.22319594 0 P 0
L 31.4463938 49.22319594 31.23479402 49.43479318 0 P 0
L 31.4463938 49.64639296 31.4463938 49.8579902 0 P 0
L 31.4463938 49.8579902 31.23479402 50.06958744 0 P 0
L 35.40000032 11.20000046 36.03479458 11.20000046 0 P 0
L 35.40000032 11.83479472 36.03479458 11.83479472 0 P 0
L 35.40000032 12.46958898 35.40000032 11.20000046 0 P 0
L 36.03479458 11.20000046 36.24639436 11.4115977 0 P 0
L 36.03479458 11.83479472 35.40000032 11.83479472 0 P 0
L 36.03479458 11.83479472 36.24639436 12.0463945 0 P 0
L 36.03479458 12.46958898 35.40000032 12.46958898 0 P 0
L 36.24639436 11.4115977 36.24639436 11.62319748 0 P 0
L 36.24639436 11.62319748 36.03479458 11.83479472 0 P 0
L 36.24639436 12.0463945 36.24639436 12.25799174 0 P 0
L 36.24639436 12.25799174 36.03479458 12.46958898 0 P 0
