UNITS=MM
#Layer_Color=9474304
#
#Feature symbol names
#
$0 r127

#
#Feature attribute names
#

#
#Layer features
#
L 1.29199894 29.14599962 1.29199894 29.65399962 0 P 0
L 1.29199894 29.14599962 1.54599894 29.14599962 0 P 0
L 1.29199894 29.65399962 1.54599894 29.65399962 0 P 0
L 1.49519894 29.24759962 1.49519894 29.55239962 0 P 0
L 1.49519894 29.24759962 1.64759894 29.24759962 0 P 0
L 1.49519894 29.55239962 1.64759894 29.55239962 0 P 0
L 1.54599894 28.89199962 1.54599894 29.14599962 0 P 0
L 1.54599894 28.89199962 2.05399894 28.89199962 0 P 0
L 1.54599894 29.65399962 1.54599894 29.90799962 0 P 0
L 1.54599894 29.90799962 2.05399894 29.90799962 0 P 0
L 1.64759894 29.09519962 1.64759894 29.24759962 0 P 0
L 1.64759894 29.09519962 1.95239894 29.09519962 0 P 0
L 1.64759894 29.55239962 1.64759894 29.70479962 0 P 0
L 1.64759894 29.70479962 1.95239894 29.70479962 0 P 0
L 1.95239894 29.09519962 1.95239894 29.24759962 0 P 0
L 1.95239894 29.24759962 2.10479894 29.24759962 0 P 0
L 1.95239894 29.55239962 1.95239894 29.70479962 0 P 0
L 1.95239894 29.55239962 2.10479894 29.55239962 0 P 0
L 2.05399894 28.89199962 2.05399894 29.14599962 0 P 0
L 2.05399894 29.14599962 2.30799894 29.14599962 0 P 0
L 2.05399894 29.65399962 2.05399894 29.90799962 0 P 0
L 2.05399894 29.65399962 2.30799894 29.65399962 0 P 0
L 2.10479894 29.24759962 2.10479894 29.55239962 0 P 0
L 2.30799894 29.14599962 2.30799894 29.65399962 0 P 0
L 13.19200054 32.1189985 13.19200054 32.3729985 0 P 0
L 13.19200054 32.1189985 13.44600054 32.1189985 0 P 0
L 13.19200054 32.3729985 13.44600054 32.6269985 0 P 0
L 13.19200054 32.8809985 13.19200054 33.1349985 0 P 0
L 13.19200054 32.8809985 13.44600054 32.6269985 0 P 0
L 13.19200054 33.1349985 13.44600054 33.1349985 0 P 0
L 13.39520054 32.3221985 13.39520054 32.4745985 0 P 0
L 13.39520054 32.3221985 13.54760054 32.3221985 0 P 0
L 13.39520054 32.4745985 13.54760054 32.6269985 0 P 0
L 13.39520054 32.7793985 13.39520054 32.9317985 0 P 0
L 13.39520054 32.7793985 13.54760054 32.6269985 0 P 0
L 13.39520054 32.9317985 13.54760054 32.9317985 0 P 0
L 13.44600054 32.1189985 13.70000054 32.3729985 0 P 0
L 13.44600054 33.1349985 13.70000054 32.8809985 0 P 0
L 13.54760054 32.3221985 13.70000054 32.4745985 0 P 0
L 13.54760054 32.9317985 13.70000054 32.7793985 0 P 0
L 13.70000054 32.3729985 13.95400054 32.1189985 0 P 0
L 13.70000054 32.4745985 13.85240054 32.3221985 0 P 0
L 13.70000054 32.7793985 13.85240054 32.9317985 0 P 0
L 13.70000054 32.8809985 13.95400054 33.1349985 0 P 0
L 13.85240054 32.3221985 14.00480054 32.3221985 0 P 0
L 13.85240054 32.6269985 14.00480054 32.4745985 0 P 0
L 13.85240054 32.6269985 14.00480054 32.7793985 0 P 0
L 13.85240054 32.9317985 14.00480054 32.9317985 0 P 0
L 13.95400054 32.1189985 14.20800054 32.1189985 0 P 0
L 13.95400054 32.6269985 14.20800054 32.3729985 0 P 0
L 13.95400054 32.6269985 14.20800054 32.8809985 0 P 0
L 13.95400054 33.1349985 14.20800054 33.1349985 0 P 0
L 14.00480054 32.3221985 14.00480054 32.4745985 0 P 0
L 14.00480054 32.7793985 14.00480054 32.9317985 0 P 0
L 14.20800054 32.1189985 14.20800054 32.3729985 0 P 0
L 14.20800054 32.8809985 14.20800054 33.1349985 0 P 0
L 15.89200022 30.09199976 15.89200022 30.34599976 0 P 0
L 15.89200022 30.09199976 16.14600022 30.09199976 0 P 0
L 15.89200022 30.34599976 16.14600022 30.59999976 0 P 0
L 15.89200022 30.85399976 15.89200022 31.10799976 0 P 0
L 15.89200022 30.85399976 16.14600022 30.59999976 0 P 0
L 15.89200022 31.10799976 16.14600022 31.10799976 0 P 0
L 16.09520022 30.29519976 16.09520022 30.44759976 0 P 0
L 16.09520022 30.29519976 16.24760022 30.29519976 0 P 0
L 16.09520022 30.44759976 16.24760022 30.59999976 0 P 0
L 16.09520022 30.75239976 16.09520022 30.90479976 0 P 0
L 16.09520022 30.75239976 16.24760022 30.59999976 0 P 0
L 16.09520022 30.90479976 16.24760022 30.90479976 0 P 0
L 16.14600022 30.09199976 16.40000022 30.34599976 0 P 0
L 16.14600022 31.10799976 16.40000022 30.85399976 0 P 0
L 16.24760022 30.29519976 16.40000022 30.44759976 0 P 0
L 16.24760022 30.90479976 16.40000022 30.75239976 0 P 0
L 16.40000022 30.34599976 16.65400022 30.09199976 0 P 0
L 16.40000022 30.44759976 16.55240022 30.29519976 0 P 0
L 16.40000022 30.75239976 16.55240022 30.90479976 0 P 0
L 16.40000022 30.85399976 16.65400022 31.10799976 0 P 0
L 16.55240022 30.29519976 16.70480022 30.29519976 0 P 0
L 16.55240022 30.59999976 16.70480022 30.44759976 0 P 0
L 16.55240022 30.59999976 16.70480022 30.75239976 0 P 0
L 16.55240022 30.90479976 16.70480022 30.90479976 0 P 0
L 16.65400022 30.09199976 16.90800022 30.09199976 0 P 0
L 16.65400022 30.59999976 16.90800022 30.34599976 0 P 0
L 16.65400022 30.59999976 16.90800022 30.85399976 0 P 0
L 16.65400022 31.10799976 16.90800022 31.10799976 0 P 0
L 16.70480022 30.29519976 16.70480022 30.44759976 0 P 0
L 16.70480022 30.75239976 16.70480022 30.90479976 0 P 0
L 16.90800022 30.09199976 16.90800022 30.34599976 0 P 0
L 16.90800022 30.85399976 16.90800022 31.10799976 0 P 0
L 17.49199956 38.69200034 17.49199956 38.94600034 0 P 0
L 17.49199956 38.69200034 17.74599956 38.69200034 0 P 0
L 17.49199956 38.94600034 17.74599956 39.20000034 0 P 0
L 17.49199956 39.45400034 17.49199956 39.70800034 0 P 0
L 17.49199956 39.45400034 17.74599956 39.20000034 0 P 0
L 17.49199956 39.70800034 17.74599956 39.70800034 0 P 0
L 17.69519956 38.89520034 17.69519956 39.04760034 0 P 0
L 17.69519956 38.89520034 17.84759956 38.89520034 0 P 0
L 17.69519956 39.04760034 17.84759956 39.20000034 0 P 0
L 17.69519956 39.35240034 17.69519956 39.50480034 0 P 0
L 17.69519956 39.35240034 17.84759956 39.20000034 0 P 0
L 17.69519956 39.50480034 17.84759956 39.50480034 0 P 0
L 17.74599956 38.69200034 17.99999956 38.94600034 0 P 0
L 17.74599956 39.70800034 17.99999956 39.45400034 0 P 0
L 17.84759956 38.89520034 17.99999956 39.04760034 0 P 0
L 17.84759956 39.50480034 17.99999956 39.35240034 0 P 0
L 17.99999956 38.94600034 18.25399956 38.69200034 0 P 0
L 17.99999956 39.04760034 18.15239956 38.89520034 0 P 0
L 17.99999956 39.35240034 18.15239956 39.50480034 0 P 0
L 17.99999956 39.45400034 18.25399956 39.70800034 0 P 0
L 18.15239956 38.89520034 18.30479956 38.89520034 0 P 0
L 18.15239956 39.20000034 18.30479956 39.04760034 0 P 0
L 18.15239956 39.20000034 18.30479956 39.35240034 0 P 0
L 18.15239956 39.50480034 18.30479956 39.50480034 0 P 0
L 18.25399956 38.69200034 18.50799956 38.69200034 0 P 0
L 18.25399956 39.20000034 18.50799956 38.94600034 0 P 0
L 18.25399956 39.20000034 18.50799956 39.45400034 0 P 0
L 18.25399956 39.70800034 18.50799956 39.70800034 0 P 0
L 18.30479956 38.89520034 18.30479956 39.04760034 0 P 0
L 18.30479956 39.35240034 18.30479956 39.50480034 0 P 0
L 18.50799956 38.69200034 18.50799956 38.94600034 0 P 0
L 18.50799956 39.45400034 18.50799956 39.70800034 0 P 0
L 21.69199878 35.39199932 21.69199878 35.64599932 0 P 0
L 21.69199878 35.39199932 21.94599878 35.39199932 0 P 0
L 21.69199878 35.64599932 21.94599878 35.89999932 0 P 0
L 21.69199878 36.15399932 21.69199878 36.40799932 0 P 0
L 21.69199878 36.15399932 21.94599878 35.89999932 0 P 0
L 21.69199878 36.40799932 21.94599878 36.40799932 0 P 0
L 21.89519878 35.59519932 21.89519878 35.74759932 0 P 0
L 21.89519878 35.59519932 22.04759878 35.59519932 0 P 0
L 21.89519878 35.74759932 22.04759878 35.89999932 0 P 0
L 21.89519878 36.05239932 21.89519878 36.20479932 0 P 0
L 21.89519878 36.05239932 22.04759878 35.89999932 0 P 0
L 21.89519878 36.20479932 22.04759878 36.20479932 0 P 0
L 21.94599878 35.39199932 22.19999878 35.64599932 0 P 0
L 21.94599878 36.40799932 22.19999878 36.15399932 0 P 0
L 22.04759878 35.59519932 22.19999878 35.74759932 0 P 0
L 22.04759878 36.20479932 22.19999878 36.05239932 0 P 0
L 22.19999878 35.64599932 22.45399878 35.39199932 0 P 0
L 22.19999878 35.74759932 22.35239878 35.59519932 0 P 0
L 22.19999878 36.05239932 22.35239878 36.20479932 0 P 0
L 22.19999878 36.15399932 22.45399878 36.40799932 0 P 0
L 22.35239878 35.59519932 22.50479878 35.59519932 0 P 0
L 22.35239878 35.89999932 22.50479878 35.74759932 0 P 0
L 22.35239878 35.89999932 22.50479878 36.05239932 0 P 0
L 22.35239878 36.20479932 22.50479878 36.20479932 0 P 0
L 22.45399878 35.39199932 22.70799878 35.39199932 0 P 0
L 22.45399878 35.89999932 22.70799878 35.64599932 0 P 0
L 22.45399878 35.89999932 22.70799878 36.15399932 0 P 0
L 22.45399878 36.40799932 22.70799878 36.40799932 0 P 0
L 22.50479878 35.59519932 22.50479878 35.74759932 0 P 0
L 22.50479878 36.05239932 22.50479878 36.20479932 0 P 0
L 22.59199952 33.79199998 22.59199952 34.04599998 0 P 0
L 22.59199952 33.79199998 22.84599952 33.79199998 0 P 0
L 22.59199952 34.04599998 22.84599952 34.29999998 0 P 0
L 22.59199952 34.55399998 22.59199952 34.80799998 0 P 0
L 22.59199952 34.55399998 22.84599952 34.29999998 0 P 0
L 22.59199952 34.80799998 22.84599952 34.80799998 0 P 0
L 22.70799878 35.39199932 22.70799878 35.64599932 0 P 0
L 22.70799878 36.15399932 22.70799878 36.40799932 0 P 0
L 22.79519952 33.99519998 22.79519952 34.14759998 0 P 0
L 22.79519952 33.99519998 22.94759952 33.99519998 0 P 0
L 22.79519952 34.14759998 22.94759952 34.29999998 0 P 0
L 22.79519952 34.45239998 22.79519952 34.60479998 0 P 0
L 22.79519952 34.45239998 22.94759952 34.29999998 0 P 0
L 22.79519952 34.60479998 22.94759952 34.60479998 0 P 0
L 22.84599952 33.79199998 23.09999952 34.04599998 0 P 0
L 22.84599952 34.80799998 23.09999952 34.55399998 0 P 0
L 22.94759952 33.99519998 23.09999952 34.14759998 0 P 0
L 22.94759952 34.60479998 23.09999952 34.45239998 0 P 0
L 22.99200126 29.79200036 22.99200126 30.04600036 0 P 0
L 22.99200126 29.79200036 23.24600126 29.79200036 0 P 0
L 22.99200126 30.04600036 23.24600126 30.30000036 0 P 0
L 22.99200126 30.55400036 22.99200126 30.80800036 0 P 0
L 22.99200126 30.55400036 23.24600126 30.30000036 0 P 0
L 22.99200126 30.80800036 23.24600126 30.80800036 0 P 0
L 23.09200106 27.19200048 23.09200106 27.44600048 0 P 0
L 23.09200106 27.19200048 23.34600106 27.19200048 0 P 0
L 23.09200106 27.44600048 23.34600106 27.70000048 0 P 0
L 23.09200106 27.95400048 23.09200106 28.20800048 0 P 0
L 23.09200106 27.95400048 23.34600106 27.70000048 0 P 0
L 23.09200106 28.20800048 23.34600106 28.20800048 0 P 0
L 23.09999952 34.04599998 23.35399952 33.79199998 0 P 0
L 23.09999952 34.14759998 23.25239952 33.99519998 0 P 0
L 23.09999952 34.45239998 23.25239952 34.60479998 0 P 0
L 23.09999952 34.55399998 23.35399952 34.80799998 0 P 0
L 23.19520126 29.99520036 23.19520126 30.14760036 0 P 0
L 23.19520126 29.99520036 23.34760126 29.99520036 0 P 0
L 23.19520126 30.14760036 23.34760126 30.30000036 0 P 0
L 23.19520126 30.45240036 23.19520126 30.60480036 0 P 0
L 23.19520126 30.45240036 23.34760126 30.30000036 0 P 0
L 23.19520126 30.60480036 23.34760126 30.60480036 0 P 0
L 23.24600126 29.79200036 23.50000126 30.04600036 0 P 0
L 23.24600126 30.80800036 23.50000126 30.55400036 0 P 0
L 23.25239952 33.99519998 23.40479952 33.99519998 0 P 0
L 23.25239952 34.29999998 23.40479952 34.14759998 0 P 0
L 23.25239952 34.29999998 23.40479952 34.45239998 0 P 0
L 23.25239952 34.60479998 23.40479952 34.60479998 0 P 0
L 23.29200066 32.19200064 23.29200066 32.44600064 0 P 0
L 23.29200066 32.19200064 23.54600066 32.19200064 0 P 0
L 23.29200066 32.44600064 23.54600066 32.70000064 0 P 0
L 23.29200066 32.95400064 23.29200066 33.20800064 0 P 0
L 23.29200066 32.95400064 23.54600066 32.70000064 0 P 0
L 23.29200066 33.20800064 23.54600066 33.20800064 0 P 0
L 23.29520106 27.39520048 23.29520106 27.54760048 0 P 0
L 23.29520106 27.39520048 23.44760106 27.39520048 0 P 0
L 23.29520106 27.54760048 23.44760106 27.70000048 0 P 0
L 23.29520106 27.85240048 23.29520106 28.00480048 0 P 0
L 23.29520106 27.85240048 23.44760106 27.70000048 0 P 0
L 23.29520106 28.00480048 23.44760106 28.00480048 0 P 0
L 23.34600106 27.19200048 23.60000106 27.44600048 0 P 0
L 23.34600106 28.20800048 23.60000106 27.95400048 0 P 0
L 23.34760126 29.99520036 23.50000126 30.14760036 0 P 0
L 23.34760126 30.60480036 23.50000126 30.45240036 0 P 0
L 23.35399952 33.79199998 23.60799952 33.79199998 0 P 0
L 23.35399952 34.29999998 23.60799952 34.04599998 0 P 0
L 23.35399952 34.29999998 23.60799952 34.55399998 0 P 0
L 23.35399952 34.80799998 23.60799952 34.80799998 0 P 0
L 23.40479952 33.99519998 23.40479952 34.14759998 0 P 0
L 23.40479952 34.45239998 23.40479952 34.60479998 0 P 0
L 23.44760106 27.39520048 23.60000106 27.54760048 0 P 0
L 23.44760106 28.00480048 23.60000106 27.85240048 0 P 0
L 23.49520066 32.39520064 23.49520066 32.54760064 0 P 0
L 23.49520066 32.39520064 23.64760066 32.39520064 0 P 0
L 23.49520066 32.54760064 23.64760066 32.70000064 0 P 0
L 23.49520066 32.85240064 23.49520066 33.00480064 0 P 0
L 23.49520066 32.85240064 23.64760066 32.70000064 0 P 0
L 23.49520066 33.00480064 23.64760066 33.00480064 0 P 0
L 23.50000126 30.04600036 23.75400126 29.79200036 0 P 0
L 23.50000126 30.14760036 23.65240126 29.99520036 0 P 0
L 23.50000126 30.45240036 23.65240126 30.60480036 0 P 0
L 23.50000126 30.55400036 23.75400126 30.80800036 0 P 0
L 23.54600066 32.19200064 23.80000066 32.44600064 0 P 0
L 23.54600066 33.20800064 23.80000066 32.95400064 0 P 0
L 23.60000106 27.44600048 23.85400106 27.19200048 0 P 0
L 23.60000106 27.54760048 23.75240106 27.39520048 0 P 0
L 23.60000106 27.85240048 23.75240106 28.00480048 0 P 0
L 23.60000106 27.95400048 23.85400106 28.20800048 0 P 0
L 23.60799952 33.79199998 23.60799952 34.04599998 0 P 0
L 23.60799952 34.55399998 23.60799952 34.80799998 0 P 0
L 23.64760066 32.39520064 23.80000066 32.54760064 0 P 0
L 23.64760066 33.00480064 23.80000066 32.85240064 0 P 0
L 23.65240126 29.99520036 23.80480126 29.99520036 0 P 0
L 23.65240126 30.30000036 23.80480126 30.14760036 0 P 0
L 23.65240126 30.30000036 23.80480126 30.45240036 0 P 0
L 23.65240126 30.60480036 23.80480126 30.60480036 0 P 0
L 23.75240106 27.39520048 23.90480106 27.39520048 0 P 0
L 23.75240106 27.70000048 23.90480106 27.54760048 0 P 0
L 23.75240106 27.70000048 23.90480106 27.85240048 0 P 0
L 23.75240106 28.00480048 23.90480106 28.00480048 0 P 0
L 23.75400126 29.79200036 24.00800126 29.79200036 0 P 0
L 23.75400126 30.30000036 24.00800126 30.04600036 0 P 0
L 23.75400126 30.30000036 24.00800126 30.55400036 0 P 0
L 23.75400126 30.80800036 24.00800126 30.80800036 0 P 0
L 23.80000066 32.44600064 24.05400066 32.19200064 0 P 0
L 23.80000066 32.54760064 23.95240066 32.39520064 0 P 0
L 23.80000066 32.85240064 23.95240066 33.00480064 0 P 0
L 23.80000066 32.95400064 24.05400066 33.20800064 0 P 0
L 23.80480126 29.99520036 23.80480126 30.14760036 0 P 0
L 23.80480126 30.45240036 23.80480126 30.60480036 0 P 0
L 23.85400106 27.19200048 24.10800106 27.19200048 0 P 0
L 23.85400106 27.70000048 24.10800106 27.44600048 0 P 0
L 23.85400106 27.70000048 24.10800106 27.95400048 0 P 0
L 23.85400106 28.20800048 24.10800106 28.20800048 0 P 0
L 23.90480106 27.39520048 23.90480106 27.54760048 0 P 0
L 23.90480106 27.85240048 23.90480106 28.00480048 0 P 0
L 23.95240066 32.39520064 24.10480066 32.39520064 0 P 0
L 23.95240066 32.70000064 24.10480066 32.54760064 0 P 0
L 23.95240066 32.70000064 24.10480066 32.85240064 0 P 0
L 23.95240066 33.00480064 24.10480066 33.00480064 0 P 0
L 24.00800126 29.79200036 24.00800126 30.04600036 0 P 0
L 24.00800126 30.55400036 24.00800126 30.80800036 0 P 0
L 24.05400066 32.19200064 24.30800066 32.19200064 0 P 0
L 24.05400066 32.70000064 24.30800066 32.44600064 0 P 0
L 24.05400066 32.70000064 24.30800066 32.95400064 0 P 0
L 24.05400066 33.20800064 24.30800066 33.20800064 0 P 0
L 24.10480066 32.39520064 24.10480066 32.54760064 0 P 0
L 24.10480066 32.85240064 24.10480066 33.00480064 0 P 0
L 24.10800106 27.19200048 24.10800106 27.44600048 0 P 0
L 24.10800106 27.95400048 24.10800106 28.20800048 0 P 0
L 24.30800066 32.19200064 24.30800066 32.44600064 0 P 0
L 24.30800066 32.95400064 24.30800066 33.20800064 0 P 0
